--- multipoles on reference trajectory (rz > 0) ---
effective_length:                   631.2463006449736 mm
perpendicular_grid:                 65 points in [-12.000000,+12.000000] mm
max_fitting_error_normal            0.051/6270.657 G/G
max_fitting_error_skew              335.121/335.121 G/G
r0_for_relative_multipoles          12 mm
main_monomial                       n = 0, skew:False
                                       Nn(s=0)      Integ_Nn     Nn/N0(@r0)   |    Sn(s=0)      Integ_Sn     Sn/S0(@r0)  
<multipole_order n>                    [T/m^n]      [T.m/m^n]        []       |    [T/m^n]      [T.m/m^n]        []      
n=00:                                5.3871e-01    -3.4006e-01   +1.0000e+00  |      ---           ---           ---     
n=01:                                7.3629e+00    +4.5471e+00   -1.6046e-01  |      ---           ---           ---     
n=02:                                1.1937e-01    +8.4776e-01   -3.5899e-04  |      ---           ---           ---     
n=03:                                7.8742e+00    -4.1251e+01   +2.0962e-04  |      ---           ---           ---     
n=04:                                4.5064e+03    -3.9890e+02   +2.4324e-05  |      ---           ---           ---     
n=05:                                2.8926e+05    -2.3888e+03   +1.7480e-06  |      ---           ---           ---     
n=06:                                1.8140e+07    +7.9879e+05   -7.0140e-06  |      ---           ---           ---     
