--- multipoles on reference trajectory (rz > 0) ---
effective_length:                   631.3459301678259 mm
perpendicular_grid:                 65 points in [-12.000000,+12.000000] mm
max_fitting_error_normal            0.087/4951.793 G/G
max_fitting_error_skew              366.219/366.219 G/G
r0_for_relative_multipoles          12 mm
main_monomial                       n = 0, skew:False
                                       Nn(s=0)      Integ_Nn     Nn/N0(@r0)   |    Sn(s=0)      Integ_Sn     Sn/S0(@r0)  
<multipole_order n>                    [T/m^n]      [T.m/m^n]        []       |    [T/m^n]      [T.m/m^n]        []      
n=00:                                5.9233e-01    -3.7396e-01   +1.0000e+00  |      ---           ---           ---     
n=01:                                8.1042e+00    +5.0095e+00   -1.6075e-01  |      ---           ---           ---     
n=02:                                2.8659e-01    +8.5747e-01   -3.3018e-04  |      ---           ---           ---     
n=03:                                6.1175e+01    -2.5653e+01   +1.1854e-04  |      ---           ---           ---     
n=04:                                1.5534e+03    +6.9633e+02   -3.8611e-05  |      ---           ---           ---     
n=05:                                5.0719e+05    -8.9444e+04   +5.9515e-05  |      ---           ---           ---     
n=06:                                5.7609e+06    -5.3326e+06   +4.2579e-05  |      ---           ---           ---     
