--- multipoles on reference trajectory (rz > 0) ---
effective_length:                   629.6587209112398 mm
perpendicular_grid:                 65 points in [-12.000000,+12.000000] mm
max_fitting_error_normal            0.084/4761.286 G/G
max_fitting_error_skew              346.191/346.191 G/G
r0_for_relative_multipoles          12 mm
main_monomial                       n = 0, skew:False
                                       Nn(s=0)      Integ_Nn     Nn/N0(@r0)   |    Sn(s=0)      Integ_Sn     Sn/S0(@r0)  
<multipole_order n>                    [T/m^n]      [T.m/m^n]        []       |    [T/m^n]      [T.m/m^n]        []      
n=00:                                5.6471e-01    -3.5558e-01   +1.0000e+00  |      ---           ---           ---     
n=01:                                7.7286e+00    +4.7652e+00   -1.6082e-01  |      ---           ---           ---     
n=02:                                4.7678e-02    +8.0484e-01   -3.2594e-04  |      ---           ---           ---     
n=03:                                2.9764e+01    -1.1091e+01   +5.3901e-05  |      ---           ---           ---     
n=04:                                4.4812e+03    +4.6300e+02   -2.7001e-05  |      ---           ---           ---     
n=05:                                3.4910e+04    -9.7000e+04   +6.7880e-05  |      ---           ---           ---     
n=06:                                5.8511e+06    -4.6195e+06   +3.8792e-05  |      ---           ---           ---     
