--- multipoles on reference trajectory (rz > 0) ---
effective_length:                   631.4945555347563 mm
perpendicular_grid:                 65 points in [-12.000000,+12.000000] mm
max_fitting_error_normal            0.090/4505.905 G/G
max_fitting_error_skew              337.741/337.741 G/G
r0_for_relative_multipoles          12 mm
main_monomial                       n = 0, skew:False
                                       Nn(s=0)      Integ_Nn     Nn/N0(@r0)   |    Sn(s=0)      Integ_Sn     Sn/S0(@r0)  
<multipole_order n>                    [T/m^n]      [T.m/m^n]        []       |    [T/m^n]      [T.m/m^n]        []      
n=00:                                5.3638e-01    -3.3872e-01   +1.0000e+00  |      ---           ---           ---     
n=01:                                7.3458e+00    +4.5431e+00   -1.6095e-01  |      ---           ---           ---     
n=02:                                8.9179e-02    +7.0787e-01   -3.0094e-04  |      ---           ---           ---     
n=03:                                5.5204e+01    -5.1951e+00   +2.6503e-05  |      ---           ---           ---     
n=04:                                4.3532e+02    +1.9761e+03   -1.2098e-04  |      ---           ---           ---     
n=05:                                3.9795e+05    -1.5499e+05   +1.1386e-04  |      ---           ---           ---     
n=06:                                9.6744e+06    -8.6091e+06   +7.5894e-05  |      ---           ---           ---     
