--- multipoles on reference trajectory (rz > 0) ---
effective_length:                   631.8949190784953 mm
perpendicular_grid:                 65 points in [-12.000000,+12.000000] mm
max_fitting_error_normal            0.078/4980.826 G/G
max_fitting_error_skew              374.749/374.749 G/G
r0_for_relative_multipoles          12 mm
main_monomial                       n = 0, skew:False
                                       Nn(s=0)      Integ_Nn     Nn/N0(@r0)   |    Sn(s=0)      Integ_Sn     Sn/S0(@r0)  
<multipole_order n>                    [T/m^n]      [T.m/m^n]        []       |    [T/m^n]      [T.m/m^n]        []      
n=00:                                5.9499e-01    -3.7597e-01   +1.0000e+00  |      ---           ---           ---     
n=01:                                8.1214e+00    +5.0229e+00   -1.6032e-01  |      ---           ---           ---     
n=02:                                6.5152e-01    +9.7579e-01   -3.7374e-04  |      ---           ---           ---     
n=03:                                4.5633e+01    -3.5855e+01   +1.6480e-04  |      ---           ---           ---     
n=04:                                6.6582e+03    +1.8132e+03   -1.0000e-04  |      ---           ---           ---     
n=05:                                2.4576e+04    -4.9443e+04   +3.2724e-05  |      ---           ---           ---     
n=06:                                3.7252e+07    -1.1706e+07   +9.2968e-05  |      ---           ---           ---     
