--- multipoles on reference trajectory (rz > 0) ---
effective_length:                   630.4894216618594 mm
perpendicular_grid:                 65 points in [-12.000000,+12.000000] mm
max_fitting_error_normal            0.121/6289.401 G/G
max_fitting_error_skew              331.988/331.988 G/G
r0_for_relative_multipoles          12 mm
main_monomial                       n = 0, skew:False
                                       Nn(s=0)      Integ_Nn     Nn/N0(@r0)   |    Sn(s=0)      Integ_Sn     Sn/S0(@r0)  
<multipole_order n>                    [T/m^n]      [T.m/m^n]        []       |    [T/m^n]      [T.m/m^n]        []      
n=00:                                5.3644e-01    -3.3822e-01   +1.0000e+00  |      ---           ---           ---     
n=01:                                7.3492e+00    +4.5354e+00   -1.6091e-01  |      ---           ---           ---     
n=02:                                4.6263e-01    +1.2395e+00   -5.2771e-04  |      ---           ---           ---     
n=03:                                4.2336e+01    -3.1842e+01   +1.6268e-04  |      ---           ---           ---     
n=04:                                1.7747e+03    -3.3570e+03   +2.0581e-04  |      ---           ---           ---     
n=05:                                4.2213e+03    -8.4284e+02   +6.2009e-07  |      ---           ---           ---     
n=06:                                1.3321e+07    +8.5652e+06   -7.5618e-05  |      ---           ---           ---     
