--- multipoles on reference trajectory (rz > 0) ---
effective_length:                   631.0233422542442 mm
perpendicular_grid:                 65 points in [-12.000000,+12.000000] mm
max_fitting_error_normal            0.073/6603.667 G/G
max_fitting_error_skew              352.169/352.169 G/G
r0_for_relative_multipoles          12 mm
main_monomial                       n = 0, skew:False
                                       Nn(s=0)      Integ_Nn     Nn/N0(@r0)   |    Sn(s=0)      Integ_Sn     Sn/S0(@r0)  
<multipole_order n>                    [T/m^n]      [T.m/m^n]        []       |    [T/m^n]      [T.m/m^n]        []      
n=00:                                5.6437e-01    -3.5613e-01   +1.0000e+00  |      ---           ---           ---     
n=01:                                7.7356e+00    +4.7766e+00   -1.6095e-01  |      ---           ---           ---     
n=02:                                1.1016e+00    +9.1580e-01   -3.7030e-04  |      ---           ---           ---     
n=03:                                5.6107e+00    -3.9904e+01   +1.9362e-04  |      ---           ---           ---     
n=04:                                1.4399e+04    +2.0899e+03   -1.2168e-04  |      ---           ---           ---     
n=05:                                1.4224e+05    +3.0637e+04   -2.1406e-05  |      ---           ---           ---     
n=06:                                5.9993e+07    -9.6492e+06   +8.0904e-05  |      ---           ---           ---     
