--- multipoles on reference trajectory (rz > 0) ---
effective_length:                   631.538679446592 mm
perpendicular_grid:                 65 points in [-12.000000,+12.000000] mm
max_fitting_error_normal            0.066/5882.761 G/G
max_fitting_error_skew              353.291/353.291 G/G
r0_for_relative_multipoles          17.5 mm
main_monomial                       n = 0, skew:False
                                       Nn(s=0)      Integ_Nn     Nn/N0(@r0)   |    Sn(s=0)      Integ_Sn     Sn/S0(@r0)  
<multipole_order n>                    [T/m^n]      [T.m/m^n]        []       |    [T/m^n]      [T.m/m^n]        []      
n=00:                                5.6652e-01    -3.5778e-01   +1.0000e+00  |      ---           ---           ---     
n=01:                                7.7375e+00    +4.7840e+00   -2.3400e-01  |      ---           ---           ---     
n=02:                                1.2845e-01    +1.3719e+00   -1.1743e-03  |      ---           ---           ---     
n=03:                                5.3276e+01    -2.6951e+01   +4.0371e-04  |      ---           ---           ---     
n=04:                                2.1373e+01    -1.7074e+03   +4.4759e-04  |      ---           ---           ---     
n=05:                                4.8874e+04    -3.1232e+04   +1.4328e-04  |      ---           ---           ---     
n=06:                                1.0212e+07    +2.9400e+06   -2.3602e-04  |      ---           ---           ---     
