--- multipoles on reference trajectory (rz > 0) ---
effective_length:                   631.0799865644923 mm
perpendicular_grid:                 65 points in [-12.000000,+12.000000] mm
max_fitting_error_normal            0.103/6918.641 G/G
max_fitting_error_skew              373.272/373.272 G/G
r0_for_relative_multipoles          12 mm
main_monomial                       n = 0, skew:False
                                       Nn(s=0)      Integ_Nn     Nn/N0(@r0)   |    Sn(s=0)      Integ_Sn     Sn/S0(@r0)  
<multipole_order n>                    [T/m^n]      [T.m/m^n]        []       |    [T/m^n]      [T.m/m^n]        []      
n=00:                                5.9277e-01    -3.7409e-01   +1.0000e+00  |      ---           ---           ---     
n=01:                                8.1191e+00    +5.0148e+00   -1.6087e-01  |      ---           ---           ---     
n=02:                                7.8882e-02    +1.1510e+00   -4.4306e-04  |      ---           ---           ---     
n=03:                                5.8506e+01    -1.8068e+01   +8.3462e-05  |      ---           ---           ---     
n=04:                                7.1966e+03    -2.0681e+03   +1.1464e-04  |      ---           ---           ---     
n=05:                                1.1275e+05    -1.1277e+05   +7.5013e-05  |      ---           ---           ---     
n=06:                                2.1073e+07    +6.7869e+06   -5.4173e-05  |      ---           ---           ---     
