--- multipoles on reference trajectory (rz > 0) ---
effective_length:                   630.6605304508357 mm
perpendicular_grid:                 65 points in [-12.000000,+12.000000] mm
max_fitting_error_normal            0.105/6910.315 G/G
max_fitting_error_skew              365.363/365.363 G/G
r0_for_relative_multipoles          12 mm
main_monomial                       n = 0, skew:False
                                       Nn(s=0)      Integ_Nn     Nn/N0(@r0)   |    Sn(s=0)      Integ_Sn     Sn/S0(@r0)  
<multipole_order n>                    [T/m^n]      [T.m/m^n]        []       |    [T/m^n]      [T.m/m^n]        []      
n=00:                                5.9271e-01    -3.7380e-01   +1.0000e+00  |      ---           ---           ---     
n=01:                                8.1137e+00    +5.0104e+00   -1.6085e-01  |      ---           ---           ---     
n=02:                                5.1719e-01    +1.0887e+00   -4.1942e-04  |      ---           ---           ---     
n=03:                                2.5389e+01    -3.1548e+01   +1.4584e-04  |      ---           ---           ---     
n=04:                                5.9038e+03    -4.6791e+02   +2.5957e-05  |      ---           ---           ---     
n=05:                                5.0673e+04    -3.9463e+04   +2.6270e-05  |      ---           ---           ---     
n=06:                                3.6068e+07    -1.2172e+06   +9.7234e-06  |      ---           ---           ---     
