--- multipoles on reference trajectory (rz > 0) ---
effective_length:                   631.2015212687112 mm
perpendicular_grid:                 65 points in [-12.000000,+12.000000] mm
max_fitting_error_normal            0.068/4516.066 G/G
max_fitting_error_skew              331.982/331.982 G/G
r0_for_relative_multipoles          12 mm
main_monomial                       n = 0, skew:False
                                       Nn(s=0)      Integ_Nn     Nn/N0(@r0)   |    Sn(s=0)      Integ_Sn     Sn/S0(@r0)  
<multipole_order n>                    [T/m^n]      [T.m/m^n]        []       |    [T/m^n]      [T.m/m^n]        []      
n=00:                                5.3840e-01    -3.3984e-01   +1.0000e+00  |      ---           ---           ---     
n=01:                                7.3539e+00    +4.5472e+00   -1.6057e-01  |      ---           ---           ---     
n=02:                                7.5950e-01    +7.8202e-01   -3.3137e-04  |      ---           ---           ---     
n=03:                                5.0288e+01    -2.6463e+01   +1.3456e-04  |      ---           ---           ---     
n=04:                                8.2341e+03    +1.7505e+03   -1.0681e-04  |      ---           ---           ---     
n=05:                                3.9575e+05    -4.4874e+04   +3.2857e-05  |      ---           ---           ---     
n=06:                                3.4358e+07    -7.8280e+06   +6.8781e-05  |      ---           ---           ---     
