--- multipoles on reference trajectory (rz > 0) ---
effective_length:                   631.27240542972 mm
perpendicular_grid:                 65 points in [-12.000000,+12.000000] mm
max_fitting_error_normal            0.067/6609.772 G/G
max_fitting_error_skew              356.812/356.812 G/G
r0_for_relative_multipoles          12 mm
main_monomial                       n = 0, skew:False
                                       Nn(s=0)      Integ_Nn     Nn/N0(@r0)   |    Sn(s=0)      Integ_Sn     Sn/S0(@r0)  
<multipole_order n>                    [T/m^n]      [T.m/m^n]        []       |    [T/m^n]      [T.m/m^n]        []      
n=00:                                5.6623e-01    -3.5745e-01   +1.0000e+00  |      ---           ---           ---     
n=01:                                7.7327e+00    +4.7779e+00   -1.6040e-01  |      ---           ---           ---     
n=02:                                2.0531e-01    +9.9561e-01   -4.0109e-04  |      ---           ---           ---     
n=03:                                1.7221e+01    -1.9576e+01   +9.4639e-05  |      ---           ---           ---     
n=04:                                6.6486e+03    +1.8970e+03   -1.1005e-04  |      ---           ---           ---     
n=05:                                2.3073e+05    -5.5689e+04   +3.8767e-05  |      ---           ---           ---     
n=06:                                4.1088e+07    -1.1257e+07   +9.4040e-05  |      ---           ---           ---     
