--- multipoles on reference trajectory (rz > 0) ---
effective_length:                   631.2987576712666 mm
perpendicular_grid:                 65 points in [-12.000000,+12.000000] mm
max_fitting_error_normal            0.061/4739.259 G/G
max_fitting_error_skew              355.270/355.270 G/G
r0_for_relative_multipoles          12 mm
main_monomial                       n = 0, skew:False
                                       Nn(s=0)      Integ_Nn     Nn/N0(@r0)   |    Sn(s=0)      Integ_Sn     Sn/S0(@r0)  
<multipole_order n>                    [T/m^n]      [T.m/m^n]        []       |    [T/m^n]      [T.m/m^n]        []      
n=00:                                5.6473e-01    -3.5652e-01   +1.0000e+00  |      ---           ---           ---     
n=01:                                7.7332e+00    +4.7811e+00   -1.6093e-01  |      ---           ---           ---     
n=02:                                1.6006e-01    +9.4439e-01   -3.8145e-04  |      ---           ---           ---     
n=03:                                1.5154e+01    -1.6099e+01   +7.8029e-05  |      ---           ---           ---     
n=04:                                6.7248e+03    +3.6522e+02   -2.1242e-05  |      ---           ---           ---     
n=05:                                1.4399e+05    -8.7650e+04   +6.1176e-05  |      ---           ---           ---     
n=06:                                2.0554e+07    -3.5975e+06   +3.0131e-05  |      ---           ---           ---     
