--- multipoles on reference trajectory (rz > 0) ---
effective_length:                   631.2906574220929 mm
perpendicular_grid:                 65 points in [-12.000000,+12.000000] mm
max_fitting_error_normal            0.087/4971.594 G/G
max_fitting_error_skew              367.293/367.293 G/G
r0_for_relative_multipoles          12 mm
main_monomial                       n = 0, skew:False
                                       Nn(s=0)      Integ_Nn     Nn/N0(@r0)   |    Sn(s=0)      Integ_Sn     Sn/S0(@r0)  
<multipole_order n>                    [T/m^n]      [T.m/m^n]        []       |    [T/m^n]      [T.m/m^n]        []      
n=00:                                5.9431e-01    -3.7518e-01   +1.0000e+00  |      ---           ---           ---     
n=01:                                8.1042e+00    +5.0090e+00   -1.6021e-01  |      ---           ---           ---     
n=02:                                3.9584e-01    +8.7699e-01   -3.3660e-04  |      ---           ---           ---     
n=03:                                6.6137e+01    -2.5622e+01   +1.1801e-04  |      ---           ---           ---     
n=04:                                6.2439e+02    +7.8648e+02   -4.3468e-05  |      ---           ---           ---     
n=05:                                5.2555e+05    -8.7310e+04   +5.7906e-05  |      ---           ---           ---     
n=06:                                1.4796e+07    -5.2270e+06   +4.1601e-05  |      ---           ---           ---     
