--- multipoles on reference trajectory (rz > 0) ---
effective_length:                   631.2522657781875 mm
perpendicular_grid:                 65 points in [-12.000000,+12.000000] mm
max_fitting_error_normal            0.075/6942.943 G/G
max_fitting_error_skew              380.567/380.567 G/G
r0_for_relative_multipoles          12 mm
main_monomial                       n = 0, skew:False
                                       Nn(s=0)      Integ_Nn     Nn/N0(@r0)   |    Sn(s=0)      Integ_Sn     Sn/S0(@r0)  
<multipole_order n>                    [T/m^n]      [T.m/m^n]        []       |    [T/m^n]      [T.m/m^n]        []      
n=00:                                5.9485e-01    -3.7550e-01   +1.0000e+00  |      ---           ---           ---     
n=01:                                8.1224e+00    +5.0188e+00   -1.6039e-01  |      ---           ---           ---     
n=02:                                7.0924e-01    +1.1938e+00   -4.5782e-04  |      ---           ---           ---     
n=03:                                2.1137e+01    -3.1720e+01   +1.4597e-04  |      ---           ---           ---     
n=04:                                1.1574e+04    +1.8325e+03   -1.0120e-04  |      ---           ---           ---     
n=05:                                2.4289e+05    +2.6226e+03   -1.7379e-06  |      ---           ---           ---     
n=06:                                4.5993e+07    -8.8791e+06   +7.0607e-05  |      ---           ---           ---     
