--- multipoles on reference trajectory (rz > 0) ---
effective_length:                   631.1244151934851 mm
perpendicular_grid:                 65 points in [-12.000000,+12.000000] mm
max_fitting_error_normal            0.081/5570.539 G/G
max_fitting_error_skew              341.354/341.354 G/G
r0_for_relative_multipoles          12 mm
main_monomial                       n = 0, skew:False
                                       Nn(s=0)      Integ_Nn     Nn/N0(@r0)   |    Sn(s=0)      Integ_Sn     Sn/S0(@r0)  
<multipole_order n>                    [T/m^n]      [T.m/m^n]        []       |    [T/m^n]      [T.m/m^n]        []      
n=00:                                5.3687e-01    -3.3883e-01   +1.0000e+00  |      ---           ---           ---     
n=01:                                7.3585e+00    +4.5477e+00   -1.6106e-01  |      ---           ---           ---     
n=02:                                3.0101e-01    +8.0764e-01   -3.4324e-04  |      ---           ---           ---     
n=03:                                1.7414e+00    -3.1535e+01   +1.6083e-04  |      ---           ---           ---     
n=04:                                2.4027e+03    +2.6849e+03   -1.6432e-04  |      ---           ---           ---     
n=05:                                1.1654e+05    -9.9230e+03   +7.2874e-06  |      ---           ---           ---     
n=06:                                1.1845e+07    -1.1778e+07   +1.0379e-04  |      ---           ---           ---     
