--- multipoles on reference trajectory (rz > 0) ---
effective_length:                   631.1922465076422 mm
perpendicular_grid:                 65 points in [-12.000000,+12.000000] mm
max_fitting_error_normal            0.094/6587.035 G/G
max_fitting_error_skew              344.876/344.876 G/G
r0_for_relative_multipoles          12 mm
main_monomial                       n = 0, skew:False
                                       Nn(s=0)      Integ_Nn     Nn/N0(@r0)   |    Sn(s=0)      Integ_Sn     Sn/S0(@r0)  
<multipole_order n>                    [T/m^n]      [T.m/m^n]        []       |    [T/m^n]      [T.m/m^n]        []      
n=00:                                5.6509e-01    -3.5668e-01   +1.0000e+00  |      ---           ---           ---     
n=01:                                7.7439e+00    +4.7891e+00   -1.6112e-01  |      ---           ---           ---     
n=02:                                1.3114e-01    +1.0960e+00   -4.4249e-04  |      ---           ---           ---     
n=03:                                5.6356e+01    -2.6491e+01   +1.2834e-04  |      ---           ---           ---     
n=04:                                2.9816e+02    -5.8111e+02   +3.3784e-05  |      ---           ---           ---     
n=05:                                6.7958e+04    -4.6052e+04   +3.2128e-05  |      ---           ---           ---     
n=06:                                3.0012e+06    +7.7479e+05   -6.4862e-06  |      ---           ---           ---     
