--- multipoles on reference trajectory (rz > 0) ---
effective_length:                   631.2194788672346 mm
perpendicular_grid:                 65 points in [-12.000000,+12.000000] mm
max_fitting_error_normal            0.124/6129.945 G/G
max_fitting_error_skew              382.148/382.148 G/G
r0_for_relative_multipoles          12 mm
main_monomial                       n = 0, skew:False
                                       Nn(s=0)      Integ_Nn     Nn/N0(@r0)   |    Sn(s=0)      Integ_Sn     Sn/S0(@r0)  
<multipole_order n>                    [T/m^n]      [T.m/m^n]        []       |    [T/m^n]      [T.m/m^n]        []      
n=00:                                5.9225e-01    -3.7384e-01   +1.0000e+00  |      ---           ---           ---     
n=01:                                8.1080e+00    +5.0078e+00   -1.6075e-01  |      ---           ---           ---     
n=02:                                6.3416e-02    +1.0318e+00   -3.9745e-04  |      ---           ---           ---     
n=03:                                2.9590e+01    -2.0833e+01   +9.6298e-05  |      ---           ---           ---     
n=04:                                6.8056e+03    -1.4451e+03   +8.0155e-05  |      ---           ---           ---     
n=05:                                1.8596e+04    -1.0101e+05   +6.7234e-05  |      ---           ---           ---     
n=06:                                1.8051e+07    +3.6098e+06   -2.8833e-05  |      ---           ---           ---     
