--- multipoles on reference trajectory (rz > 0) ---
effective_length:                   631.3975084314844 mm
perpendicular_grid:                 65 points in [-12.000000,+12.000000] mm
max_fitting_error_normal            0.064/6591.717 G/G
max_fitting_error_skew              350.491/350.491 G/G
r0_for_relative_multipoles          12 mm
main_monomial                       n = 0, skew:False
                                       Nn(s=0)      Integ_Nn     Nn/N0(@r0)   |    Sn(s=0)      Integ_Sn     Sn/S0(@r0)  
<multipole_order n>                    [T/m^n]      [T.m/m^n]        []       |    [T/m^n]      [T.m/m^n]        []      
n=00:                                5.6627e-01    -3.5754e-01   +1.0000e+00  |      ---           ---           ---     
n=01:                                7.7317e+00    +4.7813e+00   -1.6047e-01  |      ---           ---           ---     
n=02:                                7.6783e-01    +9.3027e-01   -3.7467e-04  |      ---           ---           ---     
n=03:                                3.3492e+00    -5.0659e+01   +2.4484e-04  |      ---           ---           ---     
n=04:                                5.7304e+02    -6.4954e-01   +3.7671e-08  |      ---           ---           ---     
n=05:                                2.0001e+05    +2.3481e+04   -1.6342e-05  |      ---           ---           ---     
n=06:                                3.9801e+06    -8.1705e+05   +6.8236e-06  |      ---           ---           ---     
