--- multipoles on reference trajectory (rz > 0) ---
effective_length:                   630.7138491222389 mm
perpendicular_grid:                 65 points in [-12.000000,+12.000000] mm
max_fitting_error_normal            0.075/5570.230 G/G
max_fitting_error_skew              339.689/339.689 G/G
r0_for_relative_multipoles          12 mm
main_monomial                       n = 0, skew:False
                                       Nn(s=0)      Integ_Nn     Nn/N0(@r0)   |    Sn(s=0)      Integ_Sn     Sn/S0(@r0)  
<multipole_order n>                    [T/m^n]      [T.m/m^n]        []       |    [T/m^n]      [T.m/m^n]        []      
n=00:                                5.3638e-01    -3.3830e-01   +1.0000e+00  |      ---           ---           ---     
n=01:                                7.3488e+00    +4.5395e+00   -1.6102e-01  |      ---           ---           ---     
n=02:                                2.3396e-01    +7.7397e-01   -3.2945e-04  |      ---           ---           ---     
n=03:                                3.1526e+01    -1.9576e+01   +9.9995e-05  |      ---           ---           ---     
n=04:                                4.2411e+03    -4.5955e+02   +2.8168e-05  |      ---           ---           ---     
n=05:                                4.8113e+04    -5.3771e+04   +3.9551e-05  |      ---           ---           ---     
n=06:                                1.3867e+07    +9.4230e+05   -8.3171e-06  |      ---           ---           ---     
