--- multipoles on reference trajectory (rz > 0) ---
effective_length:                   630.3762942257902 mm
perpendicular_grid:                 65 points in [-12.000000,+12.000000] mm
max_fitting_error_normal            0.087/4753.077 G/G
max_fitting_error_skew              361.203/361.203 G/G
r0_for_relative_multipoles          12 mm
main_monomial                       n = 0, skew:False
                                       Nn(s=0)      Integ_Nn     Nn/N0(@r0)   |    Sn(s=0)      Integ_Sn     Sn/S0(@r0)  
<multipole_order n>                    [T/m^n]      [T.m/m^n]        []       |    [T/m^n]      [T.m/m^n]        []      
n=00:                                5.6468e-01    -3.5596e-01   +1.0000e+00  |      ---           ---           ---     
n=01:                                7.7366e+00    +4.7740e+00   -1.6094e-01  |      ---           ---           ---     
n=02:                                2.6168e-01    +8.6728e-01   -3.5085e-04  |      ---           ---           ---     
n=03:                                3.3532e+01    -1.6335e+01   +7.9299e-05  |      ---           ---           ---     
n=04:                                7.5082e+03    +1.5729e+03   -9.1624e-05  |      ---           ---           ---     
n=05:                                2.6820e+05    -1.0589e+05   +7.4023e-05  |      ---           ---           ---     
n=06:                                2.8084e+07    -7.4266e+06   +6.2298e-05  |      ---           ---           ---     
