--- multipoles on reference trajectory (rz > 0) ---
effective_length:                   630.9581008059702 mm
perpendicular_grid:                 65 points in [-12.000000,+12.000000] mm
max_fitting_error_normal            0.057/6908.256 G/G
max_fitting_error_skew              369.137/369.137 G/G
r0_for_relative_multipoles          12 mm
main_monomial                       n = 0, skew:False
                                       Nn(s=0)      Integ_Nn     Nn/N0(@r0)   |    Sn(s=0)      Integ_Sn     Sn/S0(@r0)  
<multipole_order n>                    [T/m^n]      [T.m/m^n]        []       |    [T/m^n]      [T.m/m^n]        []      
n=00:                                5.9256e-01    -3.7388e-01   +1.0000e+00  |      ---           ---           ---     
n=01:                                8.1129e+00    +5.0143e+00   -1.6094e-01  |      ---           ---           ---     
n=02:                                3.0344e-01    +1.1022e+00   -4.2449e-04  |      ---           ---           ---     
n=03:                                6.0638e+00    -4.2002e+01   +1.9412e-04  |      ---           ---           ---     
n=04:                                2.4265e+03    +1.7556e+02   -9.7371e-06  |      ---           ---           ---     
n=05:                                1.0391e+05    +1.0075e+04   -6.7056e-06  |      ---           ---           ---     
n=06:                                1.2049e+07    -1.8057e+06   +1.4421e-05  |      ---           ---           ---     
