--- multipoles on reference trajectory (rz > 0) ---
effective_length:                   629.8242554278537 mm
perpendicular_grid:                 65 points in [-12.000000,+12.000000] mm
max_fitting_error_normal            0.101/6915.685 G/G
max_fitting_error_skew              367.768/367.768 G/G
r0_for_relative_multipoles          12 mm
main_monomial                       n = 0, skew:False
                                       Nn(s=0)      Integ_Nn     Nn/N0(@r0)   |    Sn(s=0)      Integ_Sn     Sn/S0(@r0)  
<multipole_order n>                    [T/m^n]      [T.m/m^n]        []       |    [T/m^n]      [T.m/m^n]        []      
n=00:                                5.9270e-01    -3.7330e-01   +1.0000e+00  |      ---           ---           ---     
n=01:                                8.1209e+00    +5.0070e+00   -1.6096e-01  |      ---           ---           ---     
n=02:                                3.1798e-02    +1.2657e+00   -4.8823e-04  |      ---           ---           ---     
n=03:                                3.2363e+01    -1.7226e+01   +7.9739e-05  |      ---           ---           ---     
n=04:                                4.2299e+03    -1.8942e+03   +1.0522e-04  |      ---           ---           ---     
n=05:                                1.6367e+04    -1.2327e+05   +8.2169e-05  |      ---           ---           ---     
n=06:                                1.1208e+07    +6.7699e+06   -5.4151e-05  |      ---           ---           ---     
