--- multipoles on reference trajectory (rz > 0) ---
effective_length:                   631.6591937270996 mm
perpendicular_grid:                 65 points in [-12.000000,+12.000000] mm
max_fitting_error_normal            0.066/4722.798 G/G
max_fitting_error_skew              349.656/349.656 G/G
r0_for_relative_multipoles          12 mm
main_monomial                       n = 0, skew:False
                                       Nn(s=0)      Integ_Nn     Nn/N0(@r0)   |    Sn(s=0)      Integ_Sn     Sn/S0(@r0)  
<multipole_order n>                    [T/m^n]      [T.m/m^n]        []       |    [T/m^n]      [T.m/m^n]        []      
n=00:                                5.6448e-01    -3.5656e-01   +1.0000e+00  |      ---           ---           ---     
n=01:                                7.7266e+00    +4.7768e+00   -1.6076e-01  |      ---           ---           ---     
n=02:                                7.0044e-02    +1.1950e+00   -4.8262e-04  |      ---           ---           ---     
n=03:                                1.3458e+01    -1.1082e+01   +5.3709e-05  |      ---           ---           ---     
n=04:                                3.8020e+03    -1.6575e+03   +9.6396e-05  |      ---           ---           ---     
n=05:                                2.9436e+05    -1.2023e+05   +8.3906e-05  |      ---           ---           ---     
n=06:                                3.2917e+06    +3.9297e+06   -3.2910e-05  |      ---           ---           ---     
