--- multipoles on reference trajectory (rz > 0) ---
effective_length:                   631.2008703283425 mm
perpendicular_grid:                 65 points in [-12.000000,+12.000000] mm
max_fitting_error_normal            0.085/4751.508 G/G
max_fitting_error_skew              354.234/354.234 G/G
r0_for_relative_multipoles          12 mm
main_monomial                       n = 0, skew:False
                                       Nn(s=0)      Integ_Nn     Nn/N0(@r0)   |    Sn(s=0)      Integ_Sn     Sn/S0(@r0)  
<multipole_order n>                    [T/m^n]      [T.m/m^n]        []       |    [T/m^n]      [T.m/m^n]        []      
n=00:                                5.6617e-01    -3.5737e-01   +1.0000e+00  |      ---           ---           ---     
n=01:                                7.7361e+00    +4.7816e+00   -1.6056e-01  |      ---           ---           ---     
n=02:                                1.1044e+00    +1.0945e+00   -4.4104e-04  |      ---           ---           ---     
n=03:                                3.4066e+00    -4.1994e+01   +2.0306e-04  |      ---           ---           ---     
n=04:                                1.4585e+04    +5.3635e+02   -3.1121e-05  |      ---           ---           ---     
n=05:                                9.1553e+04    +4.5015e+04   -3.1344e-05  |      ---           ---           ---     
n=06:                                6.0283e+07    -1.7235e+06   +1.4400e-05  |      ---           ---           ---     
