--- multipoles on reference trajectory (rz > 0) ---
effective_length:                   631.3810570483946 mm
perpendicular_grid:                 65 points in [-12.000000,+12.000000] mm
max_fitting_error_normal            0.065/4748.280 G/G
max_fitting_error_skew              350.857/350.857 G/G
r0_for_relative_multipoles          12 mm
main_monomial                       n = 0, skew:False
                                       Nn(s=0)      Integ_Nn     Nn/N0(@r0)   |    Sn(s=0)      Integ_Sn     Sn/S0(@r0)  
<multipole_order n>                    [T/m^n]      [T.m/m^n]        []       |    [T/m^n]      [T.m/m^n]        []      
n=00:                                5.6660e-01    -3.5774e-01   +1.0000e+00  |      ---           ---           ---     
n=01:                                7.7382e+00    +4.7844e+00   -1.6049e-01  |      ---           ---           ---     
n=02:                                4.5224e-01    +1.0395e+00   -4.1843e-04  |      ---           ---           ---     
n=03:                                1.9250e+01    -4.4159e+01   +2.1330e-04  |      ---           ---           ---     
n=04:                                5.0560e+03    +1.7477e+03   -1.0131e-04  |      ---           ---           ---     
n=05:                                1.5399e+05    +7.5129e+03   -5.2257e-06  |      ---           ---           ---     
n=06:                                2.3865e+07    -8.5989e+06   +7.1773e-05  |      ---           ---           ---     
