--- multipoles on reference trajectory (rz > 0) ---
effective_length:                   631.1984637770536 mm
perpendicular_grid:                 65 points in [-12.000000,+12.000000] mm
max_fitting_error_normal            0.058/6954.853 G/G
max_fitting_error_skew              365.160/365.160 G/G
r0_for_relative_multipoles          17.5 mm
main_monomial                       n = 0, skew:False
                                       Nn(s=0)      Integ_Nn     Nn/N0(@r0)   |    Sn(s=0)      Integ_Sn     Sn/S0(@r0)  
<multipole_order n>                    [T/m^n]      [T.m/m^n]        []       |    [T/m^n]      [T.m/m^n]        []      
n=00:                                5.9494e-01    -3.7553e-01   +1.0000e+00  |      ---           ---           ---     
n=01:                                8.1240e+00    +5.0197e+00   -2.3392e-01  |      ---           ---           ---     
n=02:                                9.1648e-01    +1.0027e+00   -8.1773e-04  |      ---           ---           ---     
n=03:                                4.3794e+00    -4.9502e+01   +7.0647e-04  |      ---           ---           ---     
n=04:                                5.5819e+03    +1.5402e+03   -3.8468e-04  |      ---           ---           ---     
n=05:                                2.5056e+05    -5.1150e+03   +2.2356e-05  |      ---           ---           ---     
n=06:                                1.9015e+07    -7.4097e+06   +5.6675e-04  |      ---           ---           ---     
