--- multipoles on reference trajectory (rz > 0) ---
effective_length:                   632.2132108990447 mm
perpendicular_grid:                 65 points in [-12.000000,+12.000000] mm
max_fitting_error_normal            0.082/4736.165 G/G
max_fitting_error_skew              347.919/347.919 G/G
r0_for_relative_multipoles          12 mm
main_monomial                       n = 0, skew:False
                                       Nn(s=0)      Integ_Nn     Nn/N0(@r0)   |    Sn(s=0)      Integ_Sn     Sn/S0(@r0)  
<multipole_order n>                    [T/m^n]      [T.m/m^n]        []       |    [T/m^n]      [T.m/m^n]        []      
n=00:                                5.6433e-01    -3.5677e-01   +1.0000e+00  |      ---           ---           ---     
n=01:                                7.7378e+00    +4.7825e+00   -1.6086e-01  |      ---           ---           ---     
n=02:                                3.4064e-01    +8.4779e-01   -3.4218e-04  |      ---           ---           ---     
n=03:                                4.4367e+01    -2.6263e+01   +1.2720e-04  |      ---           ---           ---     
n=04:                                6.6188e+03    +2.7513e+03   -1.5991e-04  |      ---           ---           ---     
n=05:                                8.8753e+04    -6.5240e+04   +4.5501e-05  |      ---           ---           ---     
n=06:                                3.9957e+07    -1.4043e+07   +1.1753e-04  |      ---           ---           ---     
