--- multipoles on reference trajectory (rz > 0) ---
effective_length:                   632.037935626569 mm
perpendicular_grid:                 65 points in [-12.000000,+12.000000] mm
max_fitting_error_normal            0.076/5587.115 G/G
max_fitting_error_skew              340.587/340.587 G/G
r0_for_relative_multipoles          17.5 mm
main_monomial                       n = 0, skew:False
                                       Nn(s=0)      Integ_Nn     Nn/N0(@r0)   |    Sn(s=0)      Integ_Sn     Sn/S0(@r0)  
<multipole_order n>                    [T/m^n]      [T.m/m^n]        []       |    [T/m^n]      [T.m/m^n]        []      
n=00:                                5.3809e-01    -3.4009e-01   +1.0000e+00  |      ---           ---           ---     
n=01:                                7.3489e+00    +4.5489e+00   -2.3407e-01  |      ---           ---           ---     
n=02:                                2.2158e-01    +7.8961e-01   -7.1104e-04  |      ---           ---           ---     
n=03:                                2.8604e+01    -1.9429e+01   +3.0617e-04  |      ---           ---           ---     
n=04:                                4.0766e+03    -3.0937e+02   +8.5316e-05  |      ---           ---           ---     
n=05:                                3.6704e+04    -5.3677e+04   +2.5905e-04  |      ---           ---           ---     
n=06:                                1.2617e+07    +4.3062e+05   -3.6368e-05  |      ---           ---           ---     
