--- multipoles on reference trajectory (rz > 0) ---
effective_length:                   632.4193131277076 mm
perpendicular_grid:                 65 points in [-12.000000,+12.000000] mm
max_fitting_error_normal            0.073/6603.649 G/G
max_fitting_error_skew              352.169/352.169 G/G
r0_for_relative_multipoles          12 mm
main_monomial                       n = 0, skew:False
                                       Nn(s=0)      Integ_Nn     Nn/N0(@r0)   |    Sn(s=0)      Integ_Sn     Sn/S0(@r0)  
<multipole_order n>                    [T/m^n]      [T.m/m^n]        []       |    [T/m^n]      [T.m/m^n]        []      
n=00:                                5.6437e-01    -3.5692e-01   +1.0000e+00  |      ---           ---           ---     
n=01:                                7.7356e+00    +4.7869e+00   -1.6094e-01  |      ---           ---           ---     
n=02:                                1.1016e+00    +9.2229e-01   -3.7210e-04  |      ---           ---           ---     
n=03:                                5.6107e+00    -4.0005e+01   +1.9368e-04  |      ---           ---           ---     
n=04:                                1.4399e+04    +2.0990e+03   -1.2195e-04  |      ---           ---           ---     
n=05:                                1.4224e+05    +3.0647e+04   -2.1366e-05  |      ---           ---           ---     
n=06:                                5.9993e+07    -9.6838e+06   +8.1015e-05  |      ---           ---           ---     
