--- multipoles on reference trajectory (rz > 0) ---
effective_length:                   632.4940017798125 mm
perpendicular_grid:                 65 points in [-12.000000,+12.000000] mm
max_fitting_error_normal            0.077/4511.063 G/G
max_fitting_error_skew              329.367/329.367 G/G
r0_for_relative_multipoles          12 mm
main_monomial                       n = 0, skew:False
                                       Nn(s=0)      Integ_Nn     Nn/N0(@r0)   |    Sn(s=0)      Integ_Sn     Sn/S0(@r0)  
<multipole_order n>                    [T/m^n]      [T.m/m^n]        []       |    [T/m^n]      [T.m/m^n]        []      
n=00:                                5.3660e-01    -3.3939e-01   +1.0000e+00  |      ---           ---           ---     
n=01:                                7.3522e+00    +4.5511e+00   -1.6091e-01  |      ---           ---           ---     
n=02:                                9.2676e-01    +7.5283e-01   -3.1941e-04  |      ---           ---           ---     
n=03:                                4.3474e+01    -3.9964e+01   +2.0347e-04  |      ---           ---           ---     
n=04:                                6.7512e+03    +9.1902e+02   -5.6149e-05  |      ---           ---           ---     
n=05:                                1.1034e+04    -2.0191e+04   +1.4803e-05  |      ---           ---           ---     
n=06:                                3.6496e+07    -6.5167e+06   +5.7333e-05  |      ---           ---           ---     
