--- multipoles on reference trajectory (rz > 0) ---
effective_length:                   629.855142257414 mm
perpendicular_grid:                 65 points in [-12.000000,+12.000000] mm
max_fitting_error_normal            0.099/6910.462 G/G
max_fitting_error_skew              372.406/372.406 G/G
r0_for_relative_multipoles          12 mm
main_monomial                       n = 0, skew:False
                                       Nn(s=0)      Integ_Nn     Nn/N0(@r0)   |    Sn(s=0)      Integ_Sn     Sn/S0(@r0)  
<multipole_order n>                    [T/m^n]      [T.m/m^n]        []       |    [T/m^n]      [T.m/m^n]        []      
n=00:                                5.9323e-01    -3.7365e-01   +1.0000e+00  |      ---           ---           ---     
n=01:                                8.1251e+00    +5.0113e+00   -1.6094e-01  |      ---           ---           ---     
n=02:                                4.4889e-01    +1.2026e+00   -4.6348e-04  |      ---           ---           ---     
n=03:                                7.3236e+01    -4.1287e+01   +1.9094e-04  |      ---           ---           ---     
n=04:                                6.0305e+03    -2.0600e+02   +1.1432e-05  |      ---           ---           ---     
n=05:                                2.6882e+05    +3.1519e+04   -2.0990e-05  |      ---           ---           ---     
n=06:                                3.2666e+07    -2.1179e+06   +1.6925e-05  |      ---           ---           ---     
