--- multipoles on reference trajectory (rz > 0) ---
effective_length:                   632.5348032159824 mm
perpendicular_grid:                 65 points in [-12.000000,+12.000000] mm
max_fitting_error_normal            0.119/4501.912 G/G
max_fitting_error_skew              335.224/335.224 G/G
r0_for_relative_multipoles          12 mm
main_monomial                       n = 0, skew:False
                                       Nn(s=0)      Integ_Nn     Nn/N0(@r0)   |    Sn(s=0)      Integ_Sn     Sn/S0(@r0)  
<multipole_order n>                    [T/m^n]      [T.m/m^n]        []       |    [T/m^n]      [T.m/m^n]        []      
n=00:                                5.3811e-01    -3.4037e-01   +1.0000e+00  |      ---           ---           ---     
n=01:                                7.3542e+00    +4.5514e+00   -1.6046e-01  |      ---           ---           ---     
n=02:                                9.5249e-01    +8.3967e-01   -3.5523e-04  |      ---           ---           ---     
n=03:                                1.5631e+01    -1.9214e+01   +9.7545e-05  |      ---           ---           ---     
n=04:                                1.7502e+04    +3.4872e+03   -2.1245e-04  |      ---           ---           ---     
n=05:                                2.3616e+05    -6.3805e+04   +4.6645e-05  |      ---           ---           ---     
n=06:                                8.6869e+07    -1.7148e+07   +1.5043e-04  |      ---           ---           ---     
