--- multipoles on reference trajectory (rz > 0) ---
effective_length:                   630.5983883245884 mm
perpendicular_grid:                 65 points in [-12.000000,+12.000000] mm
max_fitting_error_normal            0.065/4526.588 G/G
max_fitting_error_skew              342.961/342.961 G/G
r0_for_relative_multipoles          12 mm
main_monomial                       n = 0, skew:False
                                       Nn(s=0)      Integ_Nn     Nn/N0(@r0)   |    Sn(s=0)      Integ_Sn     Sn/S0(@r0)  
<multipole_order n>                    [T/m^n]      [T.m/m^n]        []       |    [T/m^n]      [T.m/m^n]        []      
n=00:                                5.3666e-01    -3.3842e-01   +1.0000e+00  |      ---           ---           ---     
n=01:                                7.3632e+00    +4.5440e+00   -1.6113e-01  |      ---           ---           ---     
n=02:                                2.3607e-01    +9.3151e-01   -3.9636e-04  |      ---           ---           ---     
n=03:                                2.7554e+01    -3.1892e+01   +1.6284e-04  |      ---           ---           ---     
n=04:                                1.5198e+03    +9.0483e+02   -5.5442e-05  |      ---           ---           ---     
n=05:                                3.8051e+04    -3.8076e+04   +2.7996e-05  |      ---           ---           ---     
n=06:                                1.2961e+07    -6.6108e+06   +5.8329e-05  |      ---           ---           ---     
