--- multipoles on reference trajectory (rz > 0) ---
effective_length:                   630.576805870421 mm
perpendicular_grid:                 65 points in [-12.000000,+12.000000] mm
max_fitting_error_normal            0.074/6217.233 G/G
max_fitting_error_skew              366.621/366.621 G/G
r0_for_relative_multipoles          12 mm
main_monomial                       n = 0, skew:False
                                       Nn(s=0)      Integ_Nn     Nn/N0(@r0)   |    Sn(s=0)      Integ_Sn     Sn/S0(@r0)  
<multipole_order n>                    [T/m^n]      [T.m/m^n]        []       |    [T/m^n]      [T.m/m^n]        []      
n=00:                                5.9558e-01    -3.7556e-01   +1.0000e+00  |      ---           ---           ---     
n=01:                                8.1264e+00    +5.0203e+00   -1.6041e-01  |      ---           ---           ---     
n=02:                                1.0406e-01    +1.2179e+00   -4.6697e-04  |      ---           ---           ---     
n=03:                                7.6627e+00    -3.0115e+01   +1.3857e-04  |      ---           ---           ---     
n=04:                                1.2313e+03    +9.3652e+02   -5.1709e-05  |      ---           ---           ---     
n=05:                                8.9819e+04    -3.1469e+04   +2.0850e-05  |      ---           ---           ---     
n=06:                                7.9582e+06    -7.6660e+06   +6.0951e-05  |      ---           ---           ---     
