--- multipoles on reference trajectory (rz > 0) ---
effective_length:                   631.3145138687805 mm
perpendicular_grid:                 65 points in [-12.000000,+12.000000] mm
max_fitting_error_normal            0.070/4497.269 G/G
max_fitting_error_skew              331.353/331.353 G/G
r0_for_relative_multipoles          12 mm
main_monomial                       n = 0, skew:False
                                       Nn(s=0)      Integ_Nn     Nn/N0(@r0)   |    Sn(s=0)      Integ_Sn     Sn/S0(@r0)  
<multipole_order n>                    [T/m^n]      [T.m/m^n]        []       |    [T/m^n]      [T.m/m^n]        []      
n=00:                                5.3706e-01    -3.3905e-01   +1.0000e+00  |      ---           ---           ---     
n=01:                                7.3615e+00    +4.5538e+00   -1.6117e-01  |      ---           ---           ---     
n=02:                                6.4103e-01    +7.6240e-01   -3.2380e-04  |      ---           ---           ---     
n=03:                                1.8295e+01    -3.6555e+01   +1.8631e-04  |      ---           ---           ---     
n=04:                                3.0217e+03    +1.1512e+03   -7.0406e-05  |      ---           ---           ---     
n=05:                                6.5032e+04    -1.5386e+04   +1.1292e-05  |      ---           ---           ---     
n=06:                                1.3858e+07    -6.7395e+06   +5.9354e-05  |      ---           ---           ---     
