--- multipoles on reference trajectory (rz > 0) ---
effective_length:                   631.294259083843 mm
perpendicular_grid:                 65 points in [-12.000000,+12.000000] mm
max_fitting_error_normal            0.052/6936.104 G/G
max_fitting_error_skew              365.200/365.200 G/G
r0_for_relative_multipoles          12 mm
main_monomial                       n = 0, skew:False
                                       Nn(s=0)      Integ_Nn     Nn/N0(@r0)   |    Sn(s=0)      Integ_Sn     Sn/S0(@r0)  
<multipole_order n>                    [T/m^n]      [T.m/m^n]        []       |    [T/m^n]      [T.m/m^n]        []      
n=00:                                5.9507e-01    -3.7566e-01   +1.0000e+00  |      ---           ---           ---     
n=01:                                8.1212e+00    +5.0178e+00   -1.6029e-01  |      ---           ---           ---     
n=02:                                4.1678e-01    +1.0476e+00   -4.0158e-04  |      ---           ---           ---     
n=03:                                6.2678e+01    -5.0202e+01   +2.3092e-04  |      ---           ---           ---     
n=04:                                1.9660e+03    -8.2190e+02   +4.5368e-05  |      ---           ---           ---     
n=05:                                8.3889e+04    +1.2498e+04   -8.2782e-06  |      ---           ---           ---     
n=06:                                1.0462e+07    +3.9188e+05   -3.1149e-06  |      ---           ---           ---     
