--- multipoles on reference trajectory (rz > 0) ---
effective_length:                   630.7559626399097 mm
perpendicular_grid:                 65 points in [-12.000000,+12.000000] mm
max_fitting_error_normal            0.068/6926.744 G/G
max_fitting_error_skew              369.071/369.071 G/G
r0_for_relative_multipoles          12 mm
main_monomial                       n = 0, skew:False
                                       Nn(s=0)      Integ_Nn     Nn/N0(@r0)   |    Sn(s=0)      Integ_Sn     Sn/S0(@r0)  
<multipole_order n>                    [T/m^n]      [T.m/m^n]        []       |    [T/m^n]      [T.m/m^n]        []      
n=00:                                5.9489e-01    -3.7523e-01   +1.0000e+00  |      ---           ---           ---     
n=01:                                8.1197e+00    +5.0192e+00   -1.6052e-01  |      ---           ---           ---     
n=02:                                3.4129e-01    +1.0974e+00   -4.2116e-04  |      ---           ---           ---     
n=03:                                3.4326e+01    -2.6867e+01   +1.2373e-04  |      ---           ---           ---     
n=04:                                1.0399e+04    -3.3324e+02   +1.8416e-05  |      ---           ---           ---     
n=05:                                3.7330e+04    -5.6776e+04   +3.7651e-05  |      ---           ---           ---     
n=06:                                3.7276e+07    -5.6745e+05   +4.5156e-06  |      ---           ---           ---     
