--- multipoles on reference trajectory (rz > 0) ---
effective_length:                   630.9851423714395 mm
perpendicular_grid:                 65 points in [-12.000000,+12.000000] mm
max_fitting_error_normal            0.057/6160.227 G/G
max_fitting_error_skew              369.680/369.680 G/G
r0_for_relative_multipoles          17.5 mm
main_monomial                       n = 0, skew:False
                                       Nn(s=0)      Integ_Nn     Nn/N0(@r0)   |    Sn(s=0)      Integ_Sn     Sn/S0(@r0)  
<multipole_order n>                    [T/m^n]      [T.m/m^n]        []       |    [T/m^n]      [T.m/m^n]        []      
n=00:                                5.9430e-01    -3.7500e-01   +1.0000e+00  |      ---           ---           ---     
n=01:                                8.1141e+00    +5.0133e+00   -2.3395e-01  |      ---           ---           ---     
n=02:                                2.2142e-01    +1.0288e+00   -8.4020e-04  |      ---           ---           ---     
n=03:                                4.0164e+01    -3.8864e+01   +5.5543e-04  |      ---           ---           ---     
n=04:                                3.1758e+03    +1.5574e+03   -3.8952e-04  |      ---           ---           ---     
n=05:                                1.3040e+04    -3.3260e+04   +1.4558e-04  |      ---           ---           ---     
n=06:                                1.2561e+07    -9.3398e+06   +7.1538e-04  |      ---           ---           ---     
