--- multipoles on reference trajectory (rz > 0) ---
effective_length:                   631.5268573394594 mm
perpendicular_grid:                 65 points in [-12.000000,+12.000000] mm
max_fitting_error_normal            0.051/6250.154 G/G
max_fitting_error_skew              337.380/337.380 G/G
r0_for_relative_multipoles          12 mm
main_monomial                       n = 0, skew:False
                                       Nn(s=0)      Integ_Nn     Nn/N0(@r0)   |    Sn(s=0)      Integ_Sn     Sn/S0(@r0)  
<multipole_order n>                    [T/m^n]      [T.m/m^n]        []       |    [T/m^n]      [T.m/m^n]        []      
n=00:                                5.3672e-01    -3.3895e-01   +1.0000e+00  |      ---           ---           ---     
n=01:                                7.3545e+00    +4.5476e+00   -1.6100e-01  |      ---           ---           ---     
n=02:                                4.4068e-01    +7.9244e-01   -3.3666e-04  |      ---           ---           ---     
n=03:                                1.9404e+01    -1.1019e+01   +5.6178e-05  |      ---           ---           ---     
n=04:                                1.2502e+03    +5.6885e+02   -3.4801e-05  |      ---           ---           ---     
n=05:                                4.7853e+03    -1.1895e+05   +8.7327e-05  |      ---           ---           ---     
n=06:                                1.5727e+07    -4.0046e+06   +3.5279e-05  |      ---           ---           ---     
