--- multipoles on reference trajectory (rz > 0) ---
effective_length:                   631.5143250881033 mm
perpendicular_grid:                 65 points in [-12.000000,+12.000000] mm
max_fitting_error_normal            0.053/5367.608 G/G
max_fitting_error_skew              337.410/337.410 G/G
r0_for_relative_multipoles          12 mm
main_monomial                       n = 0, skew:False
                                       Nn(s=0)      Integ_Nn     Nn/N0(@r0)   |    Sn(s=0)      Integ_Sn     Sn/S0(@r0)  
<multipole_order n>                    [T/m^n]      [T.m/m^n]        []       |    [T/m^n]      [T.m/m^n]        []      
n=00:                                5.3672e-01    -3.3894e-01   +1.0000e+00  |      ---           ---           ---     
n=01:                                7.3545e+00    +4.5490e+00   -1.6105e-01  |      ---           ---           ---     
n=02:                                4.4068e-01    +7.2531e-01   -3.0815e-04  |      ---           ---           ---     
n=03:                                1.9404e+01    -2.6827e+01   +1.3677e-04  |      ---           ---           ---     
n=04:                                1.2502e+03    +9.1944e+02   -5.6250e-05  |      ---           ---           ---     
n=05:                                4.7853e+03    -4.7781e+04   +3.5078e-05  |      ---           ---           ---     
n=06:                                1.5727e+07    -3.9692e+06   +3.4967e-05  |      ---           ---           ---     
