--- multipoles on reference trajectory (rz > 0) ---
effective_length:                   630.814295717575 mm
perpendicular_grid:                 65 points in [-12.000000,+12.000000] mm
max_fitting_error_normal            0.105/6291.782 G/G
max_fitting_error_skew              330.319/330.319 G/G
r0_for_relative_multipoles          12 mm
main_monomial                       n = 0, skew:False
                                       Nn(s=0)      Integ_Nn     Nn/N0(@r0)   |    Sn(s=0)      Integ_Sn     Sn/S0(@r0)  
<multipole_order n>                    [T/m^n]      [T.m/m^n]        []       |    [T/m^n]      [T.m/m^n]        []      
n=00:                                5.3704e-01    -3.3877e-01   +1.0000e+00  |      ---           ---           ---     
n=01:                                7.3645e+00    +4.5479e+00   -1.6109e-01  |      ---           ---           ---     
n=02:                                5.1914e-01    +8.6249e-01   -3.6661e-04  |      ---           ---           ---     
n=03:                                1.7330e+01    -2.1889e+01   +1.1165e-04  |      ---           ---           ---     
n=04:                                4.1811e+03    +1.2154e+01   -7.4394e-07  |      ---           ---           ---     
n=05:                                8.5725e+04    -1.0079e+05   +7.4032e-05  |      ---           ---           ---     
n=06:                                2.5209e+07    -2.3556e+06   +2.0762e-05  |      ---           ---           ---     
