--- multipoles on reference trajectory (rz > 0) ---
effective_length:                   630.0489327310211 mm
perpendicular_grid:                 65 points in [-12.000000,+12.000000] mm
max_fitting_error_normal            0.087/4952.743 G/G
max_fitting_error_skew              367.425/367.425 G/G
r0_for_relative_multipoles          12 mm
main_monomial                       n = 0, skew:False
                                       Nn(s=0)      Integ_Nn     Nn/N0(@r0)   |    Sn(s=0)      Integ_Sn     Sn/S0(@r0)  
<multipole_order n>                    [T/m^n]      [T.m/m^n]        []       |    [T/m^n]      [T.m/m^n]        []      
n=00:                                5.9242e-01    -3.7326e-01   +1.0000e+00  |      ---           ---           ---     
n=01:                                8.1042e+00    +4.9996e+00   -1.6073e-01  |      ---           ---           ---     
n=02:                                2.9195e-01    +1.0189e+00   -3.9309e-04  |      ---           ---           ---     
n=03:                                6.1454e+01    -2.3593e+01   +1.0922e-04  |      ---           ---           ---     
n=04:                                1.4447e+03    -7.4291e+01   +4.1272e-06  |      ---           ---           ---     
n=05:                                5.0830e+05    -7.4260e+04   +4.9506e-05  |      ---           ---           ---     
n=06:                                6.2189e+06    -1.3680e+06   +1.0944e-05  |      ---           ---           ---     
