--- multipoles on reference trajectory (rz > 0) ---
effective_length:                   631.2514571814658 mm
perpendicular_grid:                 65 points in [-12.000000,+12.000000] mm
max_fitting_error_normal            0.058/4959.684 G/G
max_fitting_error_skew              364.154/364.154 G/G
r0_for_relative_multipoles          12 mm
main_monomial                       n = 0, skew:False
                                       Nn(s=0)      Integ_Nn     Nn/N0(@r0)   |    Sn(s=0)      Integ_Sn     Sn/S0(@r0)  
<multipole_order n>                    [T/m^n]      [T.m/m^n]        []       |    [T/m^n]      [T.m/m^n]        []      
n=00:                                5.9305e-01    -3.7436e-01   +1.0000e+00  |      ---           ---           ---     
n=01:                                8.1236e+00    +5.0202e+00   -1.6092e-01  |      ---           ---           ---     
n=02:                                8.8777e-01    +9.6988e-01   -3.7307e-04  |      ---           ---           ---     
n=03:                                5.7973e-01    -4.8664e+01   +2.2462e-04  |      ---           ---           ---     
n=04:                                4.5272e+03    +1.4957e+03   -8.2846e-05  |      ---           ---           ---     
n=05:                                2.6729e+05    -1.1038e+04   +7.3370e-06  |      ---           ---           ---     
n=06:                                1.4612e+07    -7.2046e+06   +5.7465e-05  |      ---           ---           ---     
