--- multipoles on reference trajectory (rz > 0) ---
effective_length:                   631.6019390506598 mm
perpendicular_grid:                 65 points in [-12.000000,+12.000000] mm
max_fitting_error_normal            0.112/6266.545 G/G
max_fitting_error_skew              331.366/331.366 G/G
r0_for_relative_multipoles          12 mm
main_monomial                       n = 0, skew:False
                                       Nn(s=0)      Integ_Nn     Nn/N0(@r0)   |    Sn(s=0)      Integ_Sn     Sn/S0(@r0)  
<multipole_order n>                    [T/m^n]      [T.m/m^n]        []       |    [T/m^n]      [T.m/m^n]        []      
n=00:                                5.3709e-01    -3.3923e-01   +1.0000e+00  |      ---           ---           ---     
n=01:                                7.3449e+00    +4.5436e+00   -1.6073e-01  |      ---           ---           ---     
n=02:                                1.2192e-01    +6.9620e-01   -2.9553e-04  |      ---           ---           ---     
n=03:                                1.2004e+01    -3.6461e+01   +1.8573e-04  |      ---           ---           ---     
n=04:                                1.6032e+04    -2.7922e+02   +1.7068e-05  |      ---           ---           ---     
n=05:                                3.4210e+05    -4.6549e+04   +3.4145e-05  |      ---           ---           ---     
n=06:                                6.9341e+07    -7.1335e+05   +6.2791e-06  |      ---           ---           ---     
