--- multipoles on reference trajectory (rz > 0) ---
effective_length:                   631.5580581123929 mm
perpendicular_grid:                 65 points in [-12.000000,+12.000000] mm
max_fitting_error_normal            0.107/6590.364 G/G
max_fitting_error_skew              359.600/359.600 G/G
r0_for_relative_multipoles          12 mm
main_monomial                       n = 0, skew:False
                                       Nn(s=0)      Integ_Nn     Nn/N0(@r0)   |    Sn(s=0)      Integ_Sn     Sn/S0(@r0)  
<multipole_order n>                    [T/m^n]      [T.m/m^n]        []       |    [T/m^n]      [T.m/m^n]        []      
n=00:                                5.6464e-01    -3.5661e-01   +1.0000e+00  |      ---           ---           ---     
n=01:                                7.7462e+00    +4.7902e+00   -1.6119e-01  |      ---           ---           ---     
n=02:                                7.7211e-01    +9.8417e-01   -3.9742e-04  |      ---           ---           ---     
n=03:                                3.1546e+01    -4.0706e+01   +1.9725e-04  |      ---           ---           ---     
n=04:                                1.0238e+04    +3.2321e+03   -1.8794e-04  |      ---           ---           ---     
n=05:                                1.0346e+05    +2.0813e+04   -1.4523e-05  |      ---           ---           ---     
n=06:                                4.7509e+07    -1.6727e+07   +1.4006e-04  |      ---           ---           ---     
