--- multipoles on reference trajectory (rz > 0) ---
effective_length:                   631.9097197942036 mm
perpendicular_grid:                 65 points in [-12.000000,+12.000000] mm
max_fitting_error_normal            0.089/5502.430 G/G
max_fitting_error_skew              349.938/349.938 G/G
r0_for_relative_multipoles          12 mm
main_monomial                       n = 0, skew:False
                                       Nn(s=0)      Integ_Nn     Nn/N0(@r0)   |    Sn(s=0)      Integ_Sn     Sn/S0(@r0)  
<multipole_order n>                    [T/m^n]      [T.m/m^n]        []       |    [T/m^n]      [T.m/m^n]        []      
n=00:                                5.6443e-01    -3.5667e-01   +1.0000e+00  |      ---           ---           ---     
n=01:                                7.7348e+00    +4.7789e+00   -1.6078e-01  |      ---           ---           ---     
n=02:                                6.6053e-01    +9.0886e-01   -3.6694e-04  |      ---           ---           ---     
n=03:                                5.7798e+01    -4.1835e+01   +2.0269e-04  |      ---           ---           ---     
n=04:                                8.5804e+03    +1.1306e+03   -6.5733e-05  |      ---           ---           ---     
n=05:                                1.3676e+05    +2.9657e+04   -2.0690e-05  |      ---           ---           ---     
n=06:                                4.6876e+07    -8.0119e+06   +6.7075e-05  |      ---           ---           ---     
