--- multipoles on reference trajectory (rz > 0) ---
effective_length:                   631.2338086014656 mm
perpendicular_grid:                 65 points in [-12.000000,+12.000000] mm
max_fitting_error_normal            0.081/6851.079 G/G
max_fitting_error_skew              364.164/364.164 G/G
r0_for_relative_multipoles          12 mm
main_monomial                       n = 0, skew:False
                                       Nn(s=0)      Integ_Nn     Nn/N0(@r0)   |    Sn(s=0)      Integ_Sn     Sn/S0(@r0)  
<multipole_order n>                    [T/m^n]      [T.m/m^n]        []       |    [T/m^n]      [T.m/m^n]        []      
n=00:                                5.9295e-01    -3.7429e-01   +1.0000e+00  |      ---           ---           ---     
n=01:                                8.1235e+00    +5.0218e+00   -1.6100e-01  |      ---           ---           ---     
n=02:                                8.8619e-01    +1.0394e+00   -3.9989e-04  |      ---           ---           ---     
n=03:                                4.0374e-01    -3.0365e+01   +1.4019e-04  |      ---           ---           ---     
n=04:                                4.4714e+03    +8.9679e+02   -4.9683e-05  |      ---           ---           ---     
n=05:                                2.6803e+05    -1.0307e+05   +6.8521e-05  |      ---           ---           ---     
n=06:                                1.4379e+07    -4.3280e+06   +3.4528e-05  |      ---           ---           ---     
