--- multipoles on reference trajectory (rz > 0) ---
effective_length:                   631.5387002866248 mm
perpendicular_grid:                 65 points in [-12.000000,+12.000000] mm
max_fitting_error_normal            0.063/4483.592 G/G
max_fitting_error_skew              342.255/342.255 G/G
r0_for_relative_multipoles          12 mm
main_monomial                       n = 0, skew:False
                                       Nn(s=0)      Integ_Nn     Nn/N0(@r0)   |    Sn(s=0)      Integ_Sn     Sn/S0(@r0)  
<multipole_order n>                    [T/m^n]      [T.m/m^n]        []       |    [T/m^n]      [T.m/m^n]        []      
n=00:                                5.3659e-01    -3.3887e-01   +1.0000e+00  |      ---           ---           ---     
n=01:                                7.3565e+00    +4.5484e+00   -1.6106e-01  |      ---           ---           ---     
n=02:                                3.1865e-01    +9.6347e-01   -4.0941e-04  |      ---           ---           ---     
n=03:                                4.7042e+01    -1.9786e+01   +1.0089e-04  |      ---           ---           ---     
n=04:                                2.3791e+03    -1.4573e+02   +8.9175e-06  |      ---           ---           ---     
n=05:                                3.6108e+05    -5.1324e+04   +3.7686e-05  |      ---           ---           ---     
n=06:                                1.4302e+07    -1.1723e+06   +1.0330e-05  |      ---           ---           ---     
