--- multipoles on reference trajectory (rz > 0) ---
effective_length:                   631.0543479362373 mm
perpendicular_grid:                 65 points in [-12.000000,+12.000000] mm
max_fitting_error_normal            0.084/4760.492 G/G
max_fitting_error_skew              346.138/346.138 G/G
r0_for_relative_multipoles          12 mm
main_monomial                       n = 0, skew:False
                                       Nn(s=0)      Integ_Nn     Nn/N0(@r0)   |    Sn(s=0)      Integ_Sn     Sn/S0(@r0)  
<multipole_order n>                    [T/m^n]      [T.m/m^n]        []       |    [T/m^n]      [T.m/m^n]        []      
n=00:                                5.6462e-01    -3.5631e-01   +1.0000e+00  |      ---           ---           ---     
n=01:                                7.7286e+00    +4.7756e+00   -1.6084e-01  |      ---           ---           ---     
n=02:                                4.5898e-02    +8.1093e-01   -3.2774e-04  |      ---           ---           ---     
n=03:                                3.0040e+01    -1.1166e+01   +5.4150e-05  |      ---           ---           ---     
n=04:                                4.4617e+03    +4.6302e+02   -2.6946e-05  |      ---           ---           ---     
n=05:                                3.5783e+04    -9.7233e+04   +6.7904e-05  |      ---           ---           ---     
n=06:                                5.7490e+06    -4.6539e+06   +3.9001e-05  |      ---           ---           ---     
