--- multipoles on reference trajectory (rz > 0) ---
effective_length:                   630.8672705318053 mm
perpendicular_grid:                 65 points in [-12.000000,+12.000000] mm
max_fitting_error_normal            0.081/6923.711 G/G
max_fitting_error_skew              363.805/363.805 G/G
r0_for_relative_multipoles          12 mm
main_monomial                       n = 0, skew:False
                                       Nn(s=0)      Integ_Nn     Nn/N0(@r0)   |    Sn(s=0)      Integ_Sn     Sn/S0(@r0)  
<multipole_order n>                    [T/m^n]      [T.m/m^n]        []       |    [T/m^n]      [T.m/m^n]        []      
n=00:                                5.9269e-01    -3.7391e-01   +1.0000e+00  |      ---           ---           ---     
n=01:                                8.1094e+00    +5.0089e+00   -1.6075e-01  |      ---           ---           ---     
n=02:                                7.9045e-01    +8.6599e-01   -3.3351e-04  |      ---           ---           ---     
n=03:                                3.7660e-01    -2.3995e+01   +1.1089e-04  |      ---           ---           ---     
n=04:                                6.6212e+03    +2.2599e+03   -1.2533e-04  |      ---           ---           ---     
n=05:                                2.1457e+05    -1.0250e+05   +6.8210e-05  |      ---           ---           ---     
n=06:                                3.3059e+07    -1.1612e+07   +9.2735e-05  |      ---           ---           ---     
