--- multipoles on reference trajectory (rz > 0) ---
effective_length:                   631.933637338334 mm
perpendicular_grid:                 65 points in [-12.000000,+12.000000] mm
max_fitting_error_normal            0.069/4507.951 G/G
max_fitting_error_skew              332.065/332.065 G/G
r0_for_relative_multipoles          12 mm
main_monomial                       n = 0, skew:False
                                       Nn(s=0)      Integ_Nn     Nn/N0(@r0)   |    Sn(s=0)      Integ_Sn     Sn/S0(@r0)  
<multipole_order n>                    [T/m^n]      [T.m/m^n]        []       |    [T/m^n]      [T.m/m^n]        []      
n=00:                                5.3682e-01    -3.3923e-01   +1.0000e+00  |      ---           ---           ---     
n=01:                                7.3556e+00    +4.5537e+00   -1.6108e-01  |      ---           ---           ---     
n=02:                                6.1281e-01    +7.8902e-01   -3.3493e-04  |      ---           ---           ---     
n=03:                                5.9215e+01    -2.9410e+01   +1.4981e-04  |      ---           ---           ---     
n=04:                                3.3798e+03    +8.5347e+02   -5.2169e-05  |      ---           ---           ---     
n=05:                                4.6291e+05    -2.4249e+04   +1.7787e-05  |      ---           ---           ---     
n=06:                                1.7081e+07    -3.3581e+06   +2.9558e-05  |      ---           ---           ---     
