--- multipoles on reference trajectory (rz > 0) ---
effective_length:                   631.0578355328237 mm
perpendicular_grid:                 65 points in [-12.000000,+12.000000] mm
max_fitting_error_normal            0.073/6288.299 G/G
max_fitting_error_skew              333.483/333.483 G/G
r0_for_relative_multipoles          12 mm
main_monomial                       n = 0, skew:False
                                       Nn(s=0)      Integ_Nn     Nn/N0(@r0)   |    Sn(s=0)      Integ_Sn     Sn/S0(@r0)  
<multipole_order n>                    [T/m^n]      [T.m/m^n]        []       |    [T/m^n]      [T.m/m^n]        []      
n=00:                                5.3650e-01    -3.3856e-01   +1.0000e+00  |      ---           ---           ---     
n=01:                                7.3471e+00    +4.5381e+00   -1.6085e-01  |      ---           ---           ---     
n=02:                                1.6149e-01    +8.9034e-01   -3.7869e-04  |      ---           ---           ---     
n=03:                                2.9059e+01    -1.3278e+01   +6.7769e-05  |      ---           ---           ---     
n=04:                                5.6971e+02    +1.2617e+03   -7.7274e-05  |      ---           ---           ---     
n=05:                                2.5153e+05    -8.2849e+04   +6.0891e-05  |      ---           ---           ---     
n=06:                                1.5189e+07    -8.7649e+06   +7.7303e-05  |      ---           ---           ---     
