--- multipoles on reference trajectory (rz > 0) ---
effective_length:                   632.5880015088571 mm
perpendicular_grid:                 65 points in [-12.000000,+12.000000] mm
max_fitting_error_normal            0.129/4483.943 G/G
max_fitting_error_skew              334.251/334.251 G/G
r0_for_relative_multipoles          12 mm
main_monomial                       n = 0, skew:False
                                       Nn(s=0)      Integ_Nn     Nn/N0(@r0)   |    Sn(s=0)      Integ_Sn     Sn/S0(@r0)  
<multipole_order n>                    [T/m^n]      [T.m/m^n]        []       |    [T/m^n]      [T.m/m^n]        []      
n=00:                                5.3631e-01    -3.3926e-01   +1.0000e+00  |      ---           ---           ---     
n=01:                                7.3540e+00    +4.5519e+00   -1.6101e-01  |      ---           ---           ---     
n=02:                                9.0016e-01    +8.2827e-01   -3.5156e-04  |      ---           ---           ---     
n=03:                                2.1736e+01    -1.7445e+01   +8.8857e-05  |      ---           ---           ---     
n=04:                                1.6229e+04    +3.3497e+03   -2.0473e-04  |      ---           ---           ---     
n=05:                                2.8229e+05    -7.7033e+04   +5.6500e-05  |      ---           ---           ---     
n=06:                                8.1285e+07    -1.6848e+07   +1.4828e-04  |      ---           ---           ---     
