--- multipoles on reference trajectory (rz > 0) ---
effective_length:                   630.2204825635567 mm
perpendicular_grid:                 65 points in [-12.000000,+12.000000] mm
max_fitting_error_normal            0.083/6613.587 G/G
max_fitting_error_skew              356.817/356.817 G/G
r0_for_relative_multipoles          12 mm
main_monomial                       n = 0, skew:False
                                       Nn(s=0)      Integ_Nn     Nn/N0(@r0)   |    Sn(s=0)      Integ_Sn     Sn/S0(@r0)  
<multipole_order n>                    [T/m^n]      [T.m/m^n]        []       |    [T/m^n]      [T.m/m^n]        []      
n=00:                                5.6489e-01    -3.5601e-01   +1.0000e+00  |      ---           ---           ---     
n=01:                                7.7440e+00    +4.7769e+00   -1.6102e-01  |      ---           ---           ---     
n=02:                                4.8079e-01    +9.7810e-01   -3.9563e-04  |      ---           ---           ---     
n=03:                                3.6103e+01    -3.4245e+01   +1.6622e-04  |      ---           ---           ---     
n=04:                                5.6014e+03    -5.4270e+02   +3.1610e-05  |      ---           ---           ---     
n=05:                                5.7744e+03    -2.2579e+04   +1.5782e-05  |      ---           ---           ---     
n=06:                                3.3395e+07    +1.8789e+06   -1.5760e-05  |      ---           ---           ---     
