--- multipoles on reference trajectory (rz > 0) ---
effective_length:                   630.9011026360996 mm
perpendicular_grid:                 65 points in [-12.000000,+12.000000] mm
max_fitting_error_normal            0.105/6582.239 G/G
max_fitting_error_skew              348.141/348.141 G/G
r0_for_relative_multipoles          12 mm
main_monomial                       n = 0, skew:False
                                       Nn(s=0)      Integ_Nn     Nn/N0(@r0)   |    Sn(s=0)      Integ_Sn     Sn/S0(@r0)  
<multipole_order n>                    [T/m^n]      [T.m/m^n]        []       |    [T/m^n]      [T.m/m^n]        []      
n=00:                                5.6506e-01    -3.5650e-01   +1.0000e+00  |      ---           ---           ---     
n=01:                                7.7257e+00    +4.7786e+00   -1.6085e-01  |      ---           ---           ---     
n=02:                                1.0192e+00    +8.4709e-01   -3.4216e-04  |      ---           ---           ---     
n=03:                                3.0534e+01    -3.0685e+01   +1.4874e-04  |      ---           ---           ---     
n=04:                                7.4862e+03    +5.9407e+02   -3.4554e-05  |      ---           ---           ---     
n=05:                                1.0085e+05    -2.6637e+04   +1.8592e-05  |      ---           ---           ---     
n=06:                                4.3901e+07    -6.2167e+06   +5.2071e-05  |      ---           ---           ---     
