--- multipoles on reference trajectory (rz > 0) ---
effective_length:                   631.4608461460705 mm
perpendicular_grid:                 65 points in [-12.000000,+12.000000] mm
max_fitting_error_normal            0.103/5839.532 G/G
max_fitting_error_skew              346.546/346.546 G/G
r0_for_relative_multipoles          12 mm
main_monomial                       n = 0, skew:False
                                       Nn(s=0)      Integ_Nn     Nn/N0(@r0)   |    Sn(s=0)      Integ_Sn     Sn/S0(@r0)  
<multipole_order n>                    [T/m^n]      [T.m/m^n]        []       |    [T/m^n]      [T.m/m^n]        []      
n=00:                                5.6497e-01    -3.5676e-01   +1.0000e+00  |      ---           ---           ---     
n=01:                                7.7391e+00    +4.7856e+00   -1.6097e-01  |      ---           ---           ---     
n=02:                                2.0522e-01    +9.3708e-01   -3.7824e-04  |      ---           ---           ---     
n=03:                                2.7312e+01    -2.3037e+01   +1.1158e-04  |      ---           ---           ---     
n=04:                                4.2646e+01    +7.4656e+02   -4.3393e-05  |      ---           ---           ---     
n=05:                                3.5934e+05    -7.0201e+04   +4.8964e-05  |      ---           ---           ---     
n=06:                                5.2860e+06    -6.0748e+06   +5.0844e-05  |      ---           ---           ---     
