--- multipoles on reference trajectory (rz > 0) ---
effective_length:                   631.7172254474958 mm
perpendicular_grid:                 65 points in [-12.000000,+12.000000] mm
max_fitting_error_normal            0.052/6258.439 G/G
max_fitting_error_skew              329.073/329.073 G/G
r0_for_relative_multipoles          12 mm
main_monomial                       n = 0, skew:False
                                       Nn(s=0)      Integ_Nn     Nn/N0(@r0)   |    Sn(s=0)      Integ_Sn     Sn/S0(@r0)  
<multipole_order n>                    [T/m^n]      [T.m/m^n]        []       |    [T/m^n]      [T.m/m^n]        []      
n=00:                                5.3703e-01    -3.3925e-01   +1.0000e+00  |      ---           ---           ---     
n=01:                                7.3563e+00    +4.5498e+00   -1.6093e-01  |      ---           ---           ---     
n=02:                                3.8278e-02    +9.3338e-01   -3.9618e-04  |      ---           ---           ---     
n=03:                                3.6494e+01    -2.7677e+01   +1.4098e-04  |      ---           ---           ---     
n=04:                                6.6684e+03    -1.8616e+03   +1.1379e-04  |      ---           ---           ---     
n=05:                                3.1057e+04    -6.7900e+04   +4.9802e-05  |      ---           ---           ---     
n=06:                                1.6802e+07    +3.1463e+06   -2.7692e-05  |      ---           ---           ---     
