--- multipoles on reference trajectory (rz > 0) ---
effective_length:                   631.7685656287592 mm
perpendicular_grid:                 65 points in [-12.000000,+12.000000] mm
max_fitting_error_normal            0.109/4530.446 G/G
max_fitting_error_skew              333.407/333.407 G/G
r0_for_relative_multipoles          12 mm
main_monomial                       n = 0, skew:False
                                       Nn(s=0)      Integ_Nn     Nn/N0(@r0)   |    Sn(s=0)      Integ_Sn     Sn/S0(@r0)  
<multipole_order n>                    [T/m^n]      [T.m/m^n]        []       |    [T/m^n]      [T.m/m^n]        []      
n=00:                                5.3692e-01    -3.3921e-01   +1.0000e+00  |      ---           ---           ---     
n=01:                                7.3603e+00    +4.5594e+00   -1.6130e-01  |      ---           ---           ---     
n=02:                                4.9454e-01    +8.6446e-01   -3.6698e-04  |      ---           ---           ---     
n=03:                                1.8050e+01    -2.7650e+01   +1.4085e-04  |      ---           ---           ---     
n=04:                                2.9796e+03    +3.3518e+03   -2.0489e-04  |      ---           ---           ---     
n=05:                                1.6071e+05    -3.3335e+04   +2.4453e-05  |      ---           ---           ---     
n=06:                                1.6147e+07    -1.6871e+07   +1.4852e-04  |      ---           ---           ---     
