--- multipoles on reference trajectory (rz > 0) ---
effective_length:                   629.6270907567783 mm
perpendicular_grid:                 65 points in [-12.000000,+12.000000] mm
max_fitting_error_normal            0.079/4722.274 G/G
max_fitting_error_skew              350.121/350.121 G/G
r0_for_relative_multipoles          12 mm
main_monomial                       n = 0, skew:False
                                       Nn(s=0)      Integ_Nn     Nn/N0(@r0)   |    Sn(s=0)      Integ_Sn     Sn/S0(@r0)  
<multipole_order n>                    [T/m^n]      [T.m/m^n]        []       |    [T/m^n]      [T.m/m^n]        []      
n=00:                                5.6496e-01    -3.5571e-01   +1.0000e+00  |      ---           ---           ---     
n=01:                                7.7386e+00    +4.7762e+00   -1.6112e-01  |      ---           ---           ---     
n=02:                                1.1722e+00    +9.5962e-01   -3.8847e-04  |      ---           ---           ---     
n=03:                                2.6728e+01    -4.1337e+01   +2.0081e-04  |      ---           ---           ---     
n=04:                                1.4950e+04    +1.1758e+03   -6.8539e-05  |      ---           ---           ---     
n=05:                                9.6979e+04    +9.2401e+03   -6.4637e-06  |      ---           ---           ---     
n=06:                                7.0178e+07    -8.3055e+06   +6.9719e-05  |      ---           ---           ---     
