--- multipoles on reference trajectory (rz > 0) ---
effective_length:                   631.8039912456194 mm
perpendicular_grid:                 65 points in [-12.000000,+12.000000] mm
max_fitting_error_normal            0.091/6264.976 G/G
max_fitting_error_skew              338.743/338.743 G/G
r0_for_relative_multipoles          12 mm
main_monomial                       n = 0, skew:False
                                       Nn(s=0)      Integ_Nn     Nn/N0(@r0)   |    Sn(s=0)      Integ_Sn     Sn/S0(@r0)  
<multipole_order n>                    [T/m^n]      [T.m/m^n]        []       |    [T/m^n]      [T.m/m^n]        []      
n=00:                                5.3673e-01    -3.3911e-01   +1.0000e+00  |      ---           ---           ---     
n=01:                                7.3583e+00    +4.5516e+00   -1.6107e-01  |      ---           ---           ---     
n=02:                                4.8462e-01    +8.6415e-01   -3.6695e-04  |      ---           ---           ---     
n=03:                                3.1481e+01    -3.6799e+01   +1.8752e-04  |      ---           ---           ---     
n=04:                                4.7629e+03    +2.6826e+03   -1.6403e-04  |      ---           ---           ---     
n=05:                                3.6878e+05    -5.6882e+03   +4.1739e-06  |      ---           ---           ---     
n=06:                                2.0697e+07    -1.3773e+07   +1.2127e-04  |      ---           ---           ---     
