--- multipoles on reference trajectory (rz > 0) ---
effective_length:                   631.4164896899828 mm
perpendicular_grid:                 65 points in [-12.000000,+12.000000] mm
max_fitting_error_normal            0.102/5857.633 G/G
max_fitting_error_skew              347.509/347.509 G/G
r0_for_relative_multipoles          17.5 mm
main_monomial                       n = 0, skew:False
                                       Nn(s=0)      Integ_Nn     Nn/N0(@r0)   |    Sn(s=0)      Integ_Sn     Sn/S0(@r0)  
<multipole_order n>                    [T/m^n]      [T.m/m^n]        []       |    [T/m^n]      [T.m/m^n]        []      
n=00:                                5.6678e-01    -3.5787e-01   +1.0000e+00  |      ---           ---           ---     
n=01:                                7.7391e+00    +4.7851e+00   -2.3399e-01  |      ---           ---           ---     
n=02:                                2.7519e-01    +9.4815e-01   -8.1139e-04  |      ---           ---           ---     
n=03:                                2.7077e+01    -2.3340e+01   +3.4953e-04  |      ---           ---           ---     
n=04:                                1.7174e+03    +9.4882e+02   -2.4866e-04  |      ---           ---           ---     
n=05:                                3.5115e+05    -6.4816e+04   +2.9727e-04  |      ---           ---           ---     
n=06:                                1.2659e+07    -6.7958e+06   +5.4543e-04  |      ---           ---           ---     
