--- multipoles on reference trajectory (rz > 0) ---
effective_length:                   631.3685191152873 mm
perpendicular_grid:                 65 points in [-12.000000,+12.000000] mm
max_fitting_error_normal            0.073/4985.678 G/G
max_fitting_error_skew              370.235/370.235 G/G
r0_for_relative_multipoles          12 mm
main_monomial                       n = 0, skew:False
                                       Nn(s=0)      Integ_Nn     Nn/N0(@r0)   |    Sn(s=0)      Integ_Sn     Sn/S0(@r0)  
<multipole_order n>                    [T/m^n]      [T.m/m^n]        []       |    [T/m^n]      [T.m/m^n]        []      
n=00:                                5.9266e-01    -3.7418e-01   +1.0000e+00  |      ---           ---           ---     
n=01:                                8.1129e+00    +5.0172e+00   -1.6090e-01  |      ---           ---           ---     
n=02:                                3.0379e-01    +1.0319e+00   -3.9712e-04  |      ---           ---           ---     
n=03:                                6.1010e+00    -3.2493e+01   +1.5005e-04  |      ---           ---           ---     
n=04:                                2.4467e+03    +2.4821e+03   -1.3755e-04  |      ---           ---           ---     
n=05:                                1.0363e+05    -3.3282e+04   +2.2133e-05  |      ---           ---           ---     
n=06:                                1.2131e+07    -1.0899e+07   +8.6974e-05  |      ---           ---           ---     
