--- multipoles on reference trajectory (rz > 0) ---
effective_length:                   630.6378688138749 mm
perpendicular_grid:                 65 points in [-12.000000,+12.000000] mm
max_fitting_error_normal            0.075/4504.180 G/G
max_fitting_error_skew              327.721/327.721 G/G
r0_for_relative_multipoles          12 mm
main_monomial                       n = 0, skew:False
                                       Nn(s=0)      Integ_Nn     Nn/N0(@r0)   |    Sn(s=0)      Integ_Sn     Sn/S0(@r0)  
<multipole_order n>                    [T/m^n]      [T.m/m^n]        []       |    [T/m^n]      [T.m/m^n]        []      
n=00:                                5.3692e-01    -3.3860e-01   +1.0000e+00  |      ---           ---           ---     
n=01:                                7.3525e+00    +4.5438e+00   -1.6103e-01  |      ---           ---           ---     
n=02:                                2.2270e-02    +9.2989e-01   -3.9546e-04  |      ---           ---           ---     
n=03:                                3.3156e+01    -3.4253e+01   +1.7480e-04  |      ---           ---           ---     
n=04:                                2.8065e+03    -1.6049e+03   +9.8283e-05  |      ---           ---           ---     
n=05:                                1.4572e+04    -3.1433e+04   +2.3100e-05  |      ---           ---           ---     
n=06:                                6.7537e+04    +3.5401e+06   -3.1219e-05  |      ---           ---           ---     
