--- multipoles on reference trajectory (rz > 0) ---
effective_length:                   632.000241595785 mm
perpendicular_grid:                 65 points in [-12.000000,+12.000000] mm
max_fitting_error_normal            0.084/4748.890 G/G
max_fitting_error_skew              355.173/355.173 G/G
r0_for_relative_multipoles          12 mm
main_monomial                       n = 0, skew:False
                                       Nn(s=0)      Integ_Nn     Nn/N0(@r0)   |    Sn(s=0)      Integ_Sn     Sn/S0(@r0)  
<multipole_order n>                    [T/m^n]      [T.m/m^n]        []       |    [T/m^n]      [T.m/m^n]        []      
n=00:                                5.6623e-01    -3.5786e-01   +1.0000e+00  |      ---           ---           ---     
n=01:                                7.7327e+00    +4.7838e+00   -1.6041e-01  |      ---           ---           ---     
n=02:                                2.0531e-01    +1.1884e+00   -4.7822e-04  |      ---           ---           ---     
n=03:                                1.7221e+01    -1.2624e+01   +6.0956e-05  |      ---           ---           ---     
n=04:                                6.6486e+03    +2.1858e+02   -1.2666e-05  |      ---           ---           ---     
n=05:                                2.3073e+05    -9.0262e+04   +6.2763e-05  |      ---           ---           ---     
n=06:                                4.1088e+07    -5.2296e+06   +4.3636e-05  |      ---           ---           ---     
