--- multipoles on reference trajectory (rz > 0) ---
effective_length:                   631.9070214880733 mm
perpendicular_grid:                 65 points in [-12.000000,+12.000000] mm
max_fitting_error_normal            0.089/5503.355 G/G
max_fitting_error_skew              349.988/349.988 G/G
r0_for_relative_multipoles          12 mm
main_monomial                       n = 0, skew:False
                                       Nn(s=0)      Integ_Nn     Nn/N0(@r0)   |    Sn(s=0)      Integ_Sn     Sn/S0(@r0)  
<multipole_order n>                    [T/m^n]      [T.m/m^n]        []       |    [T/m^n]      [T.m/m^n]        []      
n=00:                                5.6452e-01    -3.5673e-01   +1.0000e+00  |      ---           ---           ---     
n=01:                                7.7348e+00    +4.7788e+00   -1.6076e-01  |      ---           ---           ---     
n=02:                                6.5778e-01    +9.1065e-01   -3.6761e-04  |      ---           ---           ---     
n=03:                                5.7924e+01    -4.1842e+01   +2.0269e-04  |      ---           ---           ---     
n=04:                                8.5557e+03    +1.1218e+03   -6.5210e-05  |      ---           ---           ---     
n=05:                                1.3801e+05    +2.9880e+04   -2.0843e-05  |      ---           ---           ---     
n=06:                                4.6780e+07    -7.9708e+06   +6.6720e-05  |      ---           ---           ---     
