--- multipoles on reference trajectory (rz > 0) ---
effective_length:                   631.3764673125344 mm
perpendicular_grid:                 65 points in [-12.000000,+12.000000] mm
max_fitting_error_normal            0.068/5716.444 G/G
max_fitting_error_skew              373.623/373.623 G/G
r0_for_relative_multipoles          12 mm
main_monomial                       n = 0, skew:False
                                       Nn(s=0)      Integ_Nn     Nn/N0(@r0)   |    Sn(s=0)      Integ_Sn     Sn/S0(@r0)  
<multipole_order n>                    [T/m^n]      [T.m/m^n]        []       |    [T/m^n]      [T.m/m^n]        []      
n=00:                                5.9271e-01    -3.7422e-01   +1.0000e+00  |      ---           ---           ---     
n=01:                                8.1175e+00    +5.0190e+00   -1.6094e-01  |      ---           ---           ---     
n=02:                                7.5592e-01    +1.2950e+00   -4.9830e-04  |      ---           ---           ---     
n=03:                                5.5601e+01    -4.8646e+01   +2.2463e-04  |      ---           ---           ---     
n=04:                                7.8126e+03    -1.2753e+03   +7.0666e-05  |      ---           ---           ---     
n=05:                                1.6825e+04    +2.9890e+04   -1.9875e-05  |      ---           ---           ---     
n=06:                                3.6621e+07    +2.1149e+06   -1.6875e-05  |      ---           ---           ---     
