--- multipoles on reference trajectory (rz > 0) ---
effective_length:                   631.497267004568 mm
perpendicular_grid:                 65 points in [-12.000000,+12.000000] mm
max_fitting_error_normal            0.068/4751.545 G/G
max_fitting_error_skew              347.606/347.606 G/G
r0_for_relative_multipoles          12 mm
main_monomial                       n = 0, skew:False
                                       Nn(s=0)      Integ_Nn     Nn/N0(@r0)   |    Sn(s=0)      Integ_Sn     Sn/S0(@r0)  
<multipole_order n>                    [T/m^n]      [T.m/m^n]        []       |    [T/m^n]      [T.m/m^n]        []      
n=00:                                5.6703e-01    -3.5808e-01   +1.0000e+00  |      ---           ---           ---     
n=01:                                7.7422e+00    +4.7853e+00   -1.6036e-01  |      ---           ---           ---     
n=02:                                7.4628e-01    +8.9783e-01   -3.6106e-04  |      ---           ---           ---     
n=03:                                7.4073e+01    -3.9995e+01   +1.9301e-04  |      ---           ---           ---     
n=04:                                8.2035e+03    +6.4586e+02   -3.7401e-05  |      ---           ---           ---     
n=05:                                1.4767e+05    -1.2432e+04   +8.6393e-06  |      ---           ---           ---     
n=06:                                4.5257e+07    -7.3472e+06   +6.1267e-05  |      ---           ---           ---     
