--- multipoles on reference trajectory (rz > 0) ---
effective_length:                   630.8394697523331 mm
perpendicular_grid:                 65 points in [-12.000000,+12.000000] mm
max_fitting_error_normal            0.063/4973.381 G/G
max_fitting_error_skew              375.240/375.240 G/G
r0_for_relative_multipoles          17.5 mm
main_monomial                       n = 0, skew:False
                                       Nn(s=0)      Integ_Nn     Nn/N0(@r0)   |    Sn(s=0)      Integ_Sn     Sn/S0(@r0)  
<multipole_order n>                    [T/m^n]      [T.m/m^n]        []       |    [T/m^n]      [T.m/m^n]        []      
n=00:                                5.9460e-01    -3.7510e-01   +1.0000e+00  |      ---           ---           ---     
n=01:                                8.1177e+00    +5.0120e+00   -2.3383e-01  |      ---           ---           ---     
n=02:                                7.3379e-01    +1.2804e+00   -1.0454e-03  |      ---           ---           ---     
n=03:                                5.9008e+01    -4.1494e+01   +5.9286e-04  |      ---           ---           ---     
n=04:                                8.2235e+03    -1.0722e+03   +2.6810e-04  |      ---           ---           ---     
n=05:                                3.9616e+04    -2.0522e+04   +8.9798e-05  |      ---           ---           ---     
n=06:                                3.9216e+07    +1.7628e+06   -1.3498e-04  |      ---           ---           ---     
