--- multipoles on reference trajectory (rz > 0) ---
effective_length:                   631.1562948271343 mm
perpendicular_grid:                 65 points in [-12.000000,+12.000000] mm
max_fitting_error_normal            0.070/4723.712 G/G
max_fitting_error_skew              351.356/351.356 G/G
r0_for_relative_multipoles          12 mm
main_monomial                       n = 0, skew:False
                                       Nn(s=0)      Integ_Nn     Nn/N0(@r0)   |    Sn(s=0)      Integ_Sn     Sn/S0(@r0)  
<multipole_order n>                    [T/m^n]      [T.m/m^n]        []       |    [T/m^n]      [T.m/m^n]        []      
n=00:                                5.6463e-01    -3.5637e-01   +1.0000e+00  |      ---           ---           ---     
n=01:                                7.7376e+00    +4.7821e+00   -1.6103e-01  |      ---           ---           ---     
n=02:                                9.4197e-02    +1.1680e+00   -4.7197e-04  |      ---           ---           ---     
n=03:                                5.5901e+01    -2.9436e+01   +1.4273e-04  |      ---           ---           ---     
n=04:                                1.0398e+02    -6.6427e+02   +3.8652e-05  |      ---           ---           ---     
n=05:                                5.3525e+04    -3.7809e+04   +2.6400e-05  |      ---           ---           ---     
n=06:                                9.3628e+06    -1.2668e+06   +1.0614e-05  |      ---           ---           ---     
