--- multipoles on reference trajectory (rz > 0) ---
effective_length:                   630.5210843895968 mm
perpendicular_grid:                 65 points in [-12.000000,+12.000000] mm
max_fitting_error_normal            0.089/5503.435 G/G
max_fitting_error_skew              349.992/349.992 G/G
r0_for_relative_multipoles          12 mm
main_monomial                       n = 0, skew:False
                                       Nn(s=0)      Integ_Nn     Nn/N0(@r0)   |    Sn(s=0)      Integ_Sn     Sn/S0(@r0)  
<multipole_order n>                    [T/m^n]      [T.m/m^n]        []       |    [T/m^n]      [T.m/m^n]        []      
n=00:                                5.6452e-01    -3.5594e-01   +1.0000e+00  |      ---           ---           ---     
n=01:                                7.7348e+00    +4.7685e+00   -1.6076e-01  |      ---           ---           ---     
n=02:                                6.5778e-01    +9.0403e-01   -3.6573e-04  |      ---           ---           ---     
n=03:                                5.7924e+01    -4.1688e+01   +2.0238e-04  |      ---           ---           ---     
n=04:                                8.5557e+03    +1.1199e+03   -6.5240e-05  |      ---           ---           ---     
n=05:                                1.3801e+05    +2.9615e+04   -2.0703e-05  |      ---           ---           ---     
n=06:                                4.6780e+07    -7.9597e+06   +6.6773e-05  |      ---           ---           ---     
