--- multipoles on reference trajectory (rz > 0) ---
effective_length:                   630.3170884627567 mm
perpendicular_grid:                 65 points in [-12.000000,+12.000000] mm
max_fitting_error_normal            0.049/6263.093 G/G
max_fitting_error_skew              340.308/340.308 G/G
r0_for_relative_multipoles          12 mm
main_monomial                       n = 0, skew:False
                                       Nn(s=0)      Integ_Nn     Nn/N0(@r0)   |    Sn(s=0)      Integ_Sn     Sn/S0(@r0)  
<multipole_order n>                    [T/m^n]      [T.m/m^n]        []       |    [T/m^n]      [T.m/m^n]        []      
n=00:                                5.3638e-01    -3.3809e-01   +1.0000e+00  |      ---           ---           ---     
n=01:                                7.3488e+00    +4.5331e+00   -1.6090e-01  |      ---           ---           ---     
n=02:                                2.3396e-01    +7.4991e-01   -3.1940e-04  |      ---           ---           ---     
n=03:                                3.1526e+01    -1.7989e+01   +9.1942e-05  |      ---           ---           ---     
n=04:                                4.2411e+03    -1.1046e+02   +6.7748e-06  |      ---           ---           ---     
n=05:                                4.8113e+04    -4.9490e+04   +3.6425e-05  |      ---           ---           ---     
n=06:                                1.3867e+07    -2.6731e+05   +2.3609e-06  |      ---           ---           ---     
