--- multipoles on reference trajectory (rz > 0) ---
effective_length:                   630.8094924148377 mm
perpendicular_grid:                 65 points in [-12.000000,+12.000000] mm
max_fitting_error_normal            0.064/6906.872 G/G
max_fitting_error_skew              368.002/368.002 G/G
r0_for_relative_multipoles          12 mm
main_monomial                       n = 0, skew:False
                                       Nn(s=0)      Integ_Nn     Nn/N0(@r0)   |    Sn(s=0)      Integ_Sn     Sn/S0(@r0)  
<multipole_order n>                    [T/m^n]      [T.m/m^n]        []       |    [T/m^n]      [T.m/m^n]        []      
n=00:                                5.9290e-01    -3.7401e-01   +1.0000e+00  |      ---           ---           ---     
n=01:                                8.1198e+00    +5.0198e+00   -1.6106e-01  |      ---           ---           ---     
n=02:                                3.0778e-01    +1.0789e+00   -4.1541e-04  |      ---           ---           ---     
n=03:                                4.2664e+01    -2.7569e+01   +1.2737e-04  |      ---           ---           ---     
n=04:                                1.0199e+04    -4.3758e+02   +2.4261e-05  |      ---           ---           ---     
n=05:                                7.8497e+04    -5.5050e+04   +3.6626e-05  |      ---           ---           ---     
n=06:                                3.6522e+07    -3.5706e+05   +2.8507e-06  |      ---           ---           ---     
