--- multipoles on reference trajectory (rz > 0) ---
effective_length:                   631.1683214385087 mm
perpendicular_grid:                 65 points in [-12.000000,+12.000000] mm
max_fitting_error_normal            0.084/5869.679 G/G
max_fitting_error_skew              349.827/349.827 G/G
r0_for_relative_multipoles          12 mm
main_monomial                       n = 0, skew:False
                                       Nn(s=0)      Integ_Nn     Nn/N0(@r0)   |    Sn(s=0)      Integ_Sn     Sn/S0(@r0)  
<multipole_order n>                    [T/m^n]      [T.m/m^n]        []       |    [T/m^n]      [T.m/m^n]        []      
n=00:                                5.6433e-01    -3.5619e-01   +1.0000e+00  |      ---           ---           ---     
n=01:                                7.7378e+00    +4.7770e+00   -1.6094e-01  |      ---           ---           ---     
n=02:                                3.4064e-01    +1.0820e+00   -4.3745e-04  |      ---           ---           ---     
n=03:                                4.4367e+01    -2.7362e+01   +1.3274e-04  |      ---           ---           ---     
n=04:                                6.6188e+03    +5.4571e+01   -3.1770e-06  |      ---           ---           ---     
n=05:                                8.8753e+04    -2.7925e+04   +1.9508e-05  |      ---           ---           ---     
n=06:                                3.9957e+07    -2.2994e+06   +1.9276e-05  |      ---           ---           ---     
