--- multipoles on reference trajectory (rz > 0) ---
effective_length:                   631.0749265565499 mm
perpendicular_grid:                 65 points in [-12.000000,+12.000000] mm
max_fitting_error_normal            0.090/6290.612 G/G
max_fitting_error_skew              330.038/330.038 G/G
r0_for_relative_multipoles          12 mm
main_monomial                       n = 0, skew:False
                                       Nn(s=0)      Integ_Nn     Nn/N0(@r0)   |    Sn(s=0)      Integ_Sn     Sn/S0(@r0)  
<multipole_order n>                    [T/m^n]      [T.m/m^n]        []       |    [T/m^n]      [T.m/m^n]        []      
n=00:                                5.3669e-01    -3.3869e-01   +1.0000e+00  |      ---           ---           ---     
n=01:                                7.3487e+00    +4.5437e+00   -1.6099e-01  |      ---           ---           ---     
n=02:                                3.4165e-01    +8.1355e-01   -3.4590e-04  |      ---           ---           ---     
n=03:                                2.4192e+01    -4.1001e+01   +2.0919e-04  |      ---           ---           ---     
n=04:                                2.4506e+02    +1.2648e+03   -7.7439e-05  |      ---           ---           ---     
n=05:                                6.1398e+04    +1.6954e+04   -1.2456e-05  |      ---           ---           ---     
n=06:                                8.2447e+06    -7.9113e+06   +6.9748e-05  |      ---           ---           ---     
