--- multipoles on reference trajectory (rz > 0) ---
effective_length:                   631.6349623414943 mm
perpendicular_grid:                 65 points in [-12.000000,+12.000000] mm
max_fitting_error_normal            0.109/5261.438 G/G
max_fitting_error_skew              331.945/331.945 G/G
r0_for_relative_multipoles          12 mm
main_monomial                       n = 0, skew:False
                                       Nn(s=0)      Integ_Nn     Nn/N0(@r0)   |    Sn(s=0)      Integ_Sn     Sn/S0(@r0)  
<multipole_order n>                    [T/m^n]      [T.m/m^n]        []       |    [T/m^n]      [T.m/m^n]        []      
n=00:                                5.3874e-01    -3.4029e-01   +1.0000e+00  |      ---           ---           ---     
n=01:                                7.3597e+00    +4.5509e+00   -1.6049e-01  |      ---           ---           ---     
n=02:                                1.6321e+00    +6.0401e-01   -2.5560e-04  |      ---           ---           ---     
n=03:                                7.4370e+01    -5.2249e+01   +2.6533e-04  |      ---           ---           ---     
n=04:                                1.6947e+04    +2.5651e+03   -1.5631e-04  |      ---           ---           ---     
n=05:                                1.5348e+05    +3.2155e+04   -2.3513e-05  |      ---           ---           ---     
n=06:                                8.0978e+07    -1.4182e+07   +1.2445e-04  |      ---           ---           ---     
