--- multipoles on reference trajectory (rz > 0) ---
effective_length:                   630.7208543855926 mm
perpendicular_grid:                 65 points in [-12.000000,+12.000000] mm
max_fitting_error_normal            0.102/6913.256 G/G
max_fitting_error_skew              377.808/377.808 G/G
r0_for_relative_multipoles          12 mm
main_monomial                       n = 0, skew:False
                                       Nn(s=0)      Integ_Nn     Nn/N0(@r0)   |    Sn(s=0)      Integ_Sn     Sn/S0(@r0)  
<multipole_order n>                    [T/m^n]      [T.m/m^n]        []       |    [T/m^n]      [T.m/m^n]        []      
n=00:                                5.9286e-01    -3.7393e-01   +1.0000e+00  |      ---           ---           ---     
n=01:                                8.1221e+00    +5.0144e+00   -1.6092e-01  |      ---           ---           ---     
n=02:                                6.5462e-01    +1.1112e+00   -4.2792e-04  |      ---           ---           ---     
n=03:                                3.0997e+01    -3.1225e+01   +1.4430e-04  |      ---           ---           ---     
n=04:                                1.0364e+04    +2.0112e+03   -1.1153e-04  |      ---           ---           ---     
n=05:                                3.0008e+05    -6.5487e+03   +4.3579e-06  |      ---           ---           ---     
n=06:                                4.0864e+07    -9.8814e+06   +7.8908e-05  |      ---           ---           ---     
