--- multipoles on reference trajectory (rz > 0) ---
effective_length:                   631.3835513817389 mm
perpendicular_grid:                 65 points in [-12.000000,+12.000000] mm
max_fitting_error_normal            0.113/5743.278 G/G
max_fitting_error_skew              368.924/368.924 G/G
r0_for_relative_multipoles          12 mm
main_monomial                       n = 0, skew:False
                                       Nn(s=0)      Integ_Nn     Nn/N0(@r0)   |    Sn(s=0)      Integ_Sn     Sn/S0(@r0)  
<multipole_order n>                    [T/m^n]      [T.m/m^n]        []       |    [T/m^n]      [T.m/m^n]        []      
n=00:                                5.9299e-01    -3.7440e-01   +1.0000e+00  |      ---           ---           ---     
n=01:                                8.1218e+00    +5.0279e+00   -1.6115e-01  |      ---           ---           ---     
n=02:                                1.6531e+00    +9.2667e-01   -3.5641e-04  |      ---           ---           ---     
n=03:                                4.0269e+01    -4.4080e+01   +2.0345e-04  |      ---           ---           ---     
n=04:                                1.9308e+04    +5.1020e+03   -2.8257e-04  |      ---           ---           ---     
n=05:                                4.1352e+05    +3.8842e+04   -2.5815e-05  |      ---           ---           ---     
n=06:                                8.0597e+07    -2.1836e+07   +1.7415e-04  |      ---           ---           ---     
