--- multipoles on reference trajectory (rz > 0) ---
effective_length:                   631.3696814562077 mm
perpendicular_grid:                 65 points in [-12.000000,+12.000000] mm
max_fitting_error_normal            0.099/6618.594 G/G
max_fitting_error_skew              347.499/347.499 G/G
r0_for_relative_multipoles          17.5 mm
main_monomial                       n = 0, skew:False
                                       Nn(s=0)      Integ_Nn     Nn/N0(@r0)   |    Sn(s=0)      Integ_Sn     Sn/S0(@r0)  
<multipole_order n>                    [T/m^n]      [T.m/m^n]        []       |    [T/m^n]      [T.m/m^n]        []      
n=00:                                5.6678e-01    -3.5785e-01   +1.0000e+00  |      ---           ---           ---     
n=01:                                7.7391e+00    +4.7869e+00   -2.3410e-01  |      ---           ---           ---     
n=02:                                2.7519e-01    +1.0348e+00   -8.8558e-04  |      ---           ---           ---     
n=03:                                2.7077e+01    -1.7559e+01   +2.6297e-04  |      ---           ---           ---     
n=04:                                1.7174e+03    -6.3326e+02   +1.6597e-04  |      ---           ---           ---     
n=05:                                3.5115e+05    -1.0300e+05   +4.7242e-04  |      ---           ---           ---     
n=06:                                1.2659e+07    +8.4984e+05   -6.8213e-05  |      ---           ---           ---     
