--- multipoles on reference trajectory (rz > 0) ---
effective_length:                   631.5064004687707 mm
perpendicular_grid:                 65 points in [-12.000000,+12.000000] mm
max_fitting_error_normal            0.103/6609.343 G/G
max_fitting_error_skew              360.625/360.625 G/G
r0_for_relative_multipoles          17.5 mm
main_monomial                       n = 0, skew:False
                                       Nn(s=0)      Integ_Nn     Nn/N0(@r0)   |    Sn(s=0)      Integ_Sn     Sn/S0(@r0)  
<multipole_order n>                    [T/m^n]      [T.m/m^n]        []       |    [T/m^n]      [T.m/m^n]        []      
n=00:                                5.6654e-01    -3.5777e-01   +1.0000e+00  |      ---           ---           ---     
n=01:                                7.7464e+00    +4.7896e+00   -2.3427e-01  |      ---           ---           ---     
n=02:                                7.9904e-01    +1.0159e+00   -8.6956e-04  |      ---           ---           ---     
n=03:                                3.7004e+01    -4.2424e+01   +6.3551e-04  |      ---           ---           ---     
n=04:                                1.1632e+04    +3.1701e+03   -8.3104e-04  |      ---           ---           ---     
n=05:                                6.7173e+04    +3.4731e+04   -1.5933e-04  |      ---           ---           ---     
n=06:                                5.5051e+07    -1.6563e+07   +1.3297e-03  |      ---           ---           ---     
