--- multipoles on reference trajectory (rz > 0) ---
effective_length:                   631.7832093928218 mm
perpendicular_grid:                 65 points in [-12.000000,+12.000000] mm
max_fitting_error_normal            0.096/6280.371 G/G
max_fitting_error_skew              328.840/328.840 G/G
r0_for_relative_multipoles          12 mm
main_monomial                       n = 0, skew:False
                                       Nn(s=0)      Integ_Nn     Nn/N0(@r0)   |    Sn(s=0)      Integ_Sn     Sn/S0(@r0)  
<multipole_order n>                    [T/m^n]      [T.m/m^n]        []       |    [T/m^n]      [T.m/m^n]        []      
n=00:                                5.3689e-01    -3.3920e-01   +1.0000e+00  |      ---           ---           ---     
n=01:                                7.3497e+00    +4.5513e+00   -1.6101e-01  |      ---           ---           ---     
n=02:                                9.1200e-01    +7.9031e-01   -3.3551e-04  |      ---           ---           ---     
n=03:                                7.2763e+01    -4.3633e+01   +2.2228e-04  |      ---           ---           ---     
n=04:                                5.5367e+03    -1.3516e+03   +8.2625e-05  |      ---           ---           ---     
n=05:                                1.8331e+05    +2.4262e+04   -1.7798e-05  |      ---           ---           ---     
n=06:                                3.0121e+07    +2.6122e+06   -2.2996e-05  |      ---           ---           ---     
