--- multipoles on reference trajectory (rz > 0) ---
effective_length:                   630.9604977072971 mm
perpendicular_grid:                 65 points in [-12.000000,+12.000000] mm
max_fitting_error_normal            0.075/5836.258 G/G
max_fitting_error_skew              345.852/345.852 G/G
r0_for_relative_multipoles          12 mm
main_monomial                       n = 0, skew:False
                                       Nn(s=0)      Integ_Nn     Nn/N0(@r0)   |    Sn(s=0)      Integ_Sn     Sn/S0(@r0)  
<multipole_order n>                    [T/m^n]      [T.m/m^n]        []       |    [T/m^n]      [T.m/m^n]        []      
n=00:                                5.6518e-01    -3.5660e-01   +1.0000e+00  |      ---           ---           ---     
n=01:                                7.7439e+00    +4.7853e+00   -1.6103e-01  |      ---           ---           ---     
n=02:                                1.2979e-01    +1.2127e+00   -4.8969e-04  |      ---           ---           ---     
n=03:                                5.6282e+01    -2.8321e+01   +1.3723e-04  |      ---           ---           ---     
n=04:                                2.8552e+02    -2.8978e+03   +1.6850e-04  |      ---           ---           ---     
n=05:                                6.7734e+04    -2.4575e+04   +1.7148e-05  |      ---           ---           ---     
n=06:                                3.0989e+06    +1.0195e+07   -8.5367e-05  |      ---           ---           ---     
