--- multipoles on reference trajectory (rz > 0) ---
effective_length:                   631.0018035856887 mm
perpendicular_grid:                 65 points in [-12.000000,+12.000000] mm
max_fitting_error_normal            0.092/5711.360 G/G
max_fitting_error_skew              381.009/381.009 G/G
r0_for_relative_multipoles          12 mm
main_monomial                       n = 0, skew:False
                                       Nn(s=0)      Integ_Nn     Nn/N0(@r0)   |    Sn(s=0)      Integ_Sn     Sn/S0(@r0)  
<multipole_order n>                    [T/m^n]      [T.m/m^n]        []       |    [T/m^n]      [T.m/m^n]        []      
n=00:                                5.9276e-01    -3.7403e-01   +1.0000e+00  |      ---           ---           ---     
n=01:                                8.1213e+00    +5.0147e+00   -1.6089e-01  |      ---           ---           ---     
n=02:                                2.2996e-01    +1.2179e+00   -4.6888e-04  |      ---           ---           ---     
n=03:                                8.8177e+00    -1.8667e+01   +8.6239e-05  |      ---           ---           ---     
n=04:                                2.5118e+03    +4.6527e+02   -2.5794e-05  |      ---           ---           ---     
n=05:                                1.6877e+05    -7.8254e+04   +5.2060e-05  |      ---           ---           ---     
n=06:                                1.5654e+06    -5.4237e+06   +4.3299e-05  |      ---           ---           ---     
