--- multipoles on reference trajectory (rz > 0) ---
effective_length:                   631.1506099538127 mm
perpendicular_grid:                 65 points in [-12.000000,+12.000000] mm
max_fitting_error_normal            0.061/6586.693 G/G
max_fitting_error_skew              346.515/346.515 G/G
r0_for_relative_multipoles          12 mm
main_monomial                       n = 0, skew:False
                                       Nn(s=0)      Integ_Nn     Nn/N0(@r0)   |    Sn(s=0)      Integ_Sn     Sn/S0(@r0)  
<multipole_order n>                    [T/m^n]      [T.m/m^n]        []       |    [T/m^n]      [T.m/m^n]        []      
n=00:                                5.6468e-01    -3.5640e-01   +1.0000e+00  |      ---           ---           ---     
n=01:                                7.7346e+00    +4.7785e+00   -1.6089e-01  |      ---           ---           ---     
n=02:                                2.4908e-01    +9.9608e-01   -4.0246e-04  |      ---           ---           ---     
n=03:                                2.6021e+01    -2.4749e+01   +1.1999e-04  |      ---           ---           ---     
n=04:                                1.5197e+03    -7.7854e+02   +4.5297e-05  |      ---           ---           ---     
n=05:                                3.9736e+04    -7.6863e+04   +5.3664e-05  |      ---           ---           ---     
n=06:                                3.7546e+06    +1.8354e+06   -1.5377e-05  |      ---           ---           ---     
