--- multipoles on reference trajectory (rz > 0) ---
effective_length:                   630.5248000833873 mm
perpendicular_grid:                 65 points in [-12.000000,+12.000000] mm
max_fitting_error_normal            0.079/4961.962 G/G
max_fitting_error_skew              373.719/373.719 G/G
r0_for_relative_multipoles          12 mm
main_monomial                       n = 0, skew:False
                                       Nn(s=0)      Integ_Nn     Nn/N0(@r0)   |    Sn(s=0)      Integ_Sn     Sn/S0(@r0)  
<multipole_order n>                    [T/m^n]      [T.m/m^n]        []       |    [T/m^n]      [T.m/m^n]        []      
n=00:                                5.9309e-01    -3.7396e-01   +1.0000e+00  |      ---           ---           ---     
n=01:                                8.1212e+00    +5.0126e+00   -1.6085e-01  |      ---           ---           ---     
n=02:                                6.6963e-01    +9.4888e-01   -3.6538e-04  |      ---           ---           ---     
n=03:                                4.4017e+01    -3.5149e+01   +1.6242e-04  |      ---           ---           ---     
n=04:                                6.2920e+03    +1.6190e+03   -8.9774e-05  |      ---           ---           ---     
n=05:                                4.2479e+04    -5.7708e+04   +3.8399e-05  |      ---           ---           ---     
n=06:                                3.5339e+07    -1.0960e+07   +8.7510e-05  |      ---           ---           ---     
