--- multipoles on reference trajectory (rz > 0) ---
effective_length:                   630.6053130153514 mm
perpendicular_grid:                 65 points in [-12.000000,+12.000000] mm
max_fitting_error_normal            0.104/6143.411 G/G
max_fitting_error_skew              366.454/366.454 G/G
r0_for_relative_multipoles          17.5 mm
main_monomial                       n = 0, skew:False
                                       Nn(s=0)      Integ_Nn     Nn/N0(@r0)   |    Sn(s=0)      Integ_Sn     Sn/S0(@r0)  
<multipole_order n>                    [T/m^n]      [T.m/m^n]        []       |    [T/m^n]      [T.m/m^n]        []      
n=00:                                5.9469e-01    -3.7502e-01   +1.0000e+00  |      ---           ---           ---     
n=01:                                8.1138e+00    +5.0098e+00   -2.3378e-01  |      ---           ---           ---     
n=02:                                5.1141e-01    +1.1146e+00   -9.1025e-04  |      ---           ---           ---     
n=03:                                2.5145e+01    -3.0257e+01   +4.3241e-04  |      ---           ---           ---     
n=04:                                6.2775e+03    -4.9680e+02   +1.2425e-04  |      ---           ---           ---     
n=05:                                4.2451e+04    -4.4085e+04   +1.9294e-04  |      ---           ---           ---     
n=06:                                3.7919e+07    -7.5057e+05   +5.7487e-05  |      ---           ---           ---     
