--- multipoles on reference trajectory (rz > 0) ---
effective_length:                   631.803147506705 mm
perpendicular_grid:                 65 points in [-12.000000,+12.000000] mm
max_fitting_error_normal            0.091/6265.835 G/G
max_fitting_error_skew              338.794/338.794 G/G
r0_for_relative_multipoles          12 mm
main_monomial                       n = 0, skew:False
                                       Nn(s=0)      Integ_Nn     Nn/N0(@r0)   |    Sn(s=0)      Integ_Sn     Sn/S0(@r0)  
<multipole_order n>                    [T/m^n]      [T.m/m^n]        []       |    [T/m^n]      [T.m/m^n]        []      
n=00:                                5.3682e-01    -3.3917e-01   +1.0000e+00  |      ---           ---           ---     
n=01:                                7.3584e+00    +4.5516e+00   -1.6104e-01  |      ---           ---           ---     
n=02:                                4.8752e-01    +8.6559e-01   -3.6750e-04  |      ---           ---           ---     
n=03:                                3.1306e+01    -3.6893e+01   +1.8797e-04  |      ---           ---           ---     
n=04:                                4.8287e+03    +2.6846e+03   -1.6413e-04  |      ---           ---           ---     
n=05:                                3.6769e+05    -4.9566e+03   +3.6365e-06  |      ---           ---           ---     
n=06:                                2.0952e+07    -1.3781e+07   +1.2132e-04  |      ---           ---           ---     
