--- multipoles on reference trajectory (rz > 0) ---
effective_length:                   630.6021328025289 mm
perpendicular_grid:                 65 points in [-12.000000,+12.000000] mm
max_fitting_error_normal            0.101/5522.642 G/G
max_fitting_error_skew              348.064/348.064 G/G
r0_for_relative_multipoles          12 mm
main_monomial                       n = 0, skew:False
                                       Nn(s=0)      Integ_Nn     Nn/N0(@r0)   |    Sn(s=0)      Integ_Sn     Sn/S0(@r0)  
<multipole_order n>                    [T/m^n]      [T.m/m^n]        []       |    [T/m^n]      [T.m/m^n]        []      
n=00:                                5.6512e-01    -3.5637e-01   +1.0000e+00  |      ---           ---           ---     
n=01:                                7.7422e+00    +4.7801e+00   -1.6096e-01  |      ---           ---           ---     
n=02:                                5.3713e-01    +8.3992e-01   -3.3939e-04  |      ---           ---           ---     
n=03:                                2.8594e+01    -3.3299e+01   +1.6147e-04  |      ---           ---           ---     
n=04:                                7.6410e+03    +2.5177e+03   -1.4650e-04  |      ---           ---           ---     
n=05:                                2.8141e+05    -1.2170e+04   +8.4976e-06  |      ---           ---           ---     
n=06:                                3.9562e+07    -1.1755e+07   +9.8493e-05  |      ---           ---           ---     
