--- multipoles on reference trajectory (rz > 0) ---
effective_length:                   632.0440963862212 mm
perpendicular_grid:                 65 points in [-12.000000,+12.000000] mm
max_fitting_error_normal            0.075/4503.435 G/G
max_fitting_error_skew              327.672/327.672 G/G
r0_for_relative_multipoles          12 mm
main_monomial                       n = 0, skew:False
                                       Nn(s=0)      Integ_Nn     Nn/N0(@r0)   |    Sn(s=0)      Integ_Sn     Sn/S0(@r0)  
<multipole_order n>                    [T/m^n]      [T.m/m^n]        []       |    [T/m^n]      [T.m/m^n]        []      
n=00:                                5.3683e-01    -3.3930e-01   +1.0000e+00  |      ---           ---           ---     
n=01:                                7.3525e+00    +4.5538e+00   -1.6105e-01  |      ---           ---           ---     
n=02:                                2.1795e-02    +9.3489e-01   -3.9677e-04  |      ---           ---           ---     
n=03:                                3.3419e+01    -3.4433e+01   +1.7536e-04  |      ---           ---           ---     
n=04:                                2.8252e+03    -1.6098e+03   +9.8381e-05  |      ---           ---           ---     
n=05:                                1.3628e+04    -3.1242e+04   +2.2912e-05  |      ---           ---           ---     
n=06:                                3.7192e+04    +3.5567e+06   -3.1300e-05  |      ---           ---           ---     
