--- multipoles on reference trajectory (rz > 0) ---
effective_length:                   631.88388521426 mm
perpendicular_grid:                 65 points in [-12.000000,+12.000000] mm
max_fitting_error_normal            0.079/5874.797 G/G
max_fitting_error_skew              348.408/348.408 G/G
r0_for_relative_multipoles          12 mm
main_monomial                       n = 0, skew:False
                                       Nn(s=0)      Integ_Nn     Nn/N0(@r0)   |    Sn(s=0)      Integ_Sn     Sn/S0(@r0)  
<multipole_order n>                    [T/m^n]      [T.m/m^n]        []       |    [T/m^n]      [T.m/m^n]        []      
n=00:                                5.6475e-01    -3.5685e-01   +1.0000e+00  |      ---           ---           ---     
n=01:                                7.7326e+00    +4.7838e+00   -1.6087e-01  |      ---           ---           ---     
n=02:                                7.1447e-01    +8.8340e-01   -3.5648e-04  |      ---           ---           ---     
n=03:                                9.7263e+00    -3.5763e+01   +1.7318e-04  |      ---           ---           ---     
n=04:                                4.7979e+03    +1.4237e+03   -8.2726e-05  |      ---           ---           ---     
n=05:                                1.3766e+05    -1.0102e+04   +7.0442e-06  |      ---           ---           ---     
n=06:                                2.2624e+07    -6.4911e+06   +5.4314e-05  |      ---           ---           ---     
