--- multipoles on reference trajectory (rz > 0) ---
effective_length:                   631.0940552047249 mm
perpendicular_grid:                 65 points in [-12.000000,+12.000000] mm
max_fitting_error_normal            0.091/6583.869 G/G
max_fitting_error_skew              348.685/348.685 G/G
r0_for_relative_multipoles          12 mm
main_monomial                       n = 0, skew:False
                                       Nn(s=0)      Integ_Nn     Nn/N0(@r0)   |    Sn(s=0)      Integ_Sn     Sn/S0(@r0)  
<multipole_order n>                    [T/m^n]      [T.m/m^n]        []       |    [T/m^n]      [T.m/m^n]        []      
n=00:                                5.6470e-01    -3.5638e-01   +1.0000e+00  |      ---           ---           ---     
n=01:                                7.7381e+00    +4.7808e+00   -1.6098e-01  |      ---           ---           ---     
n=02:                                4.2399e-01    +1.0753e+00   -4.3447e-04  |      ---           ---           ---     
n=03:                                1.8096e+01    -3.6395e+01   +1.7647e-04  |      ---           ---           ---     
n=04:                                3.8246e+03    +6.3945e+02   -3.7206e-05  |      ---           ---           ---     
n=05:                                1.6084e+05    -2.4006e+04   +1.6761e-05  |      ---           ---           ---     
n=06:                                1.7793e+07    -6.1631e+06   +5.1638e-05  |      ---           ---           ---     
