--- multipoles on reference trajectory (rz > 0) ---
effective_length:                   631.3711716661315 mm
perpendicular_grid:                 65 points in [-12.000000,+12.000000] mm
max_fitting_error_normal            0.073/4984.707 G/G
max_fitting_error_skew              370.183/370.183 G/G
r0_for_relative_multipoles          12 mm
main_monomial                       n = 0, skew:False
                                       Nn(s=0)      Integ_Nn     Nn/N0(@r0)   |    Sn(s=0)      Integ_Sn     Sn/S0(@r0)  
<multipole_order n>                    [T/m^n]      [T.m/m^n]        []       |    [T/m^n]      [T.m/m^n]        []      
n=00:                                5.9256e-01    -3.7412e-01   +1.0000e+00  |      ---           ---           ---     
n=01:                                8.1129e+00    +5.0172e+00   -1.6093e-01  |      ---           ---           ---     
n=02:                                3.0344e-01    +1.0309e+00   -3.9679e-04  |      ---           ---           ---     
n=03:                                6.0638e+00    -3.2415e+01   +1.4972e-04  |      ---           ---           ---     
n=04:                                2.4265e+03    +2.4765e+03   -1.3726e-04  |      ---           ---           ---     
n=05:                                1.0391e+05    -3.3759e+04   +2.2453e-05  |      ---           ---           ---     
n=06:                                1.2049e+07    -1.0878e+07   +8.6820e-05  |      ---           ---           ---     
