--- multipoles on reference trajectory (rz > 0) ---
effective_length:                   629.7635165445158 mm
perpendicular_grid:                 65 points in [-12.000000,+12.000000] mm
max_fitting_error_normal            0.070/4724.654 G/G
max_fitting_error_skew              351.410/351.410 G/G
r0_for_relative_multipoles          12 mm
main_monomial                       n = 0, skew:False
                                       Nn(s=0)      Integ_Nn     Nn/N0(@r0)   |    Sn(s=0)      Integ_Sn     Sn/S0(@r0)  
<multipole_order n>                    [T/m^n]      [T.m/m^n]        []       |    [T/m^n]      [T.m/m^n]        []      
n=00:                                5.6472e-01    -3.5564e-01   +1.0000e+00  |      ---           ---           ---     
n=01:                                7.7376e+00    +4.7717e+00   -1.6101e-01  |      ---           ---           ---     
n=02:                                9.5851e-02    +1.1622e+00   -4.7059e-04  |      ---           ---           ---     
n=03:                                5.5773e+01    -2.9286e+01   +1.4230e-04  |      ---           ---           ---     
n=04:                                9.8383e+01    -6.6988e+02   +3.9058e-05  |      ---           ---           ---     
n=05:                                5.3283e+04    -3.7820e+04   +2.6461e-05  |      ---           ---           ---     
n=06:                                9.4143e+06    -1.2249e+06   +1.0284e-05  |      ---           ---           ---     
