--- multipoles on reference trajectory (rz > 0) ---
effective_length:                   630.5439713926725 mm
perpendicular_grid:                 65 points in [-12.000000,+12.000000] mm
max_fitting_error_normal            0.085/4741.411 G/G
max_fitting_error_skew              350.875/350.875 G/G
r0_for_relative_multipoles          12 mm
main_monomial                       n = 0, skew:False
                                       Nn(s=0)      Integ_Nn     Nn/N0(@r0)   |    Sn(s=0)      Integ_Sn     Sn/S0(@r0)  
<multipole_order n>                    [T/m^n]      [T.m/m^n]        []       |    [T/m^n]      [T.m/m^n]        []      
n=00:                                5.6497e-01    -3.5624e-01   +1.0000e+00  |      ---           ---           ---     
n=01:                                7.7421e+00    +4.7812e+00   -1.6106e-01  |      ---           ---           ---     
n=02:                                3.3030e-02    +1.1113e+00   -4.4920e-04  |      ---           ---           ---     
n=03:                                3.1963e+01    -1.5754e+01   +7.6419e-05  |      ---           ---           ---     
n=04:                                2.0437e+03    -4.0209e+01   +2.3405e-06  |      ---           ---           ---     
n=05:                                3.5469e+04    -1.0011e+05   +6.9927e-05  |      ---           ---           ---     
n=06:                                2.7882e+06    -3.8827e+06   +3.2545e-05  |      ---           ---           ---     
