--- multipoles on reference trajectory (rz > 0) ---
effective_length:                   629.8733585434126 mm
perpendicular_grid:                 65 points in [-12.000000,+12.000000] mm
max_fitting_error_normal            0.085/6270.098 G/G
max_fitting_error_skew              338.513/338.513 G/G
r0_for_relative_multipoles          12 mm
main_monomial                       n = 0, skew:False
                                       Nn(s=0)      Integ_Nn     Nn/N0(@r0)   |    Sn(s=0)      Integ_Sn     Sn/S0(@r0)  
<multipole_order n>                    [T/m^n]      [T.m/m^n]        []       |    [T/m^n]      [T.m/m^n]        []      
n=00:                                5.3867e-01    -3.3930e-01   +1.0000e+00  |      ---           ---           ---     
n=01:                                7.3514e+00    +4.5388e+00   -1.6052e-01  |      ---           ---           ---     
n=02:                                7.0297e-01    +8.0537e-01   -3.4181e-04  |      ---           ---           ---     
n=03:                                3.8198e+01    -1.3205e+01   +6.7253e-05  |      ---           ---           ---     
n=04:                                5.2407e+03    +1.2249e+03   -7.4858e-05  |      ---           ---           ---     
n=05:                                3.2920e+05    -9.4090e+04   +6.9003e-05  |      ---           ---           ---     
n=06:                                2.8373e+07    -7.8320e+06   +6.8925e-05  |      ---           ---           ---     
