--- multipoles on reference trajectory (rz > 0) ---
effective_length:                   628.7977898377105 mm
perpendicular_grid:                 65 points in [-12.000000,+12.000000] mm
max_fitting_error_normal            0.062/6932.029 G/G
max_fitting_error_skew              366.166/366.166 G/G
r0_for_relative_multipoles          12 mm
main_monomial                       n = 0, skew:False
                                       Nn(s=0)      Integ_Nn     Nn/N0(@r0)   |    Sn(s=0)      Integ_Sn     Sn/S0(@r0)  
<multipole_order n>                    [T/m^n]      [T.m/m^n]        []       |    [T/m^n]      [T.m/m^n]        []      
n=00:                                5.9292e-01    -3.7283e-01   +1.0000e+00  |      ---           ---           ---     
n=01:                                8.1103e+00    +5.0003e+00   -1.6094e-01  |      ---           ---           ---     
n=02:                                6.2388e-01    +7.6736e-01   -2.9638e-04  |      ---           ---           ---     
n=03:                                1.8059e+01    -4.4531e+01   +2.0640e-04  |      ---           ---           ---     
n=04:                                5.2199e+03    +7.8642e+02   -4.3740e-05  |      ---           ---           ---     
n=05:                                1.6682e+05    -4.0431e+04   +2.6984e-05  |      ---           ---           ---     
n=06:                                1.9965e+07    -4.3830e+06   +3.5104e-05  |      ---           ---           ---     
