--- multipoles on reference trajectory (rz > 0) ---
effective_length:                   630.6650409319406 mm
perpendicular_grid:                 65 points in [-12.000000,+12.000000] mm
max_fitting_error_normal            0.102/6933.056 G/G
max_fitting_error_skew              378.902/378.902 G/G
r0_for_relative_multipoles          17.5 mm
main_monomial                       n = 0, skew:False
                                       Nn(s=0)      Integ_Nn     Nn/N0(@r0)   |    Sn(s=0)      Integ_Sn     Sn/S0(@r0)  
<multipole_order n>                    [T/m^n]      [T.m/m^n]        []       |    [T/m^n]      [T.m/m^n]        []      
n=00:                                5.9485e-01    -3.7515e-01   +1.0000e+00  |      ---           ---           ---     
n=01:                                8.1224e+00    +5.0138e+00   -2.3389e-01  |      ---           ---           ---     
n=02:                                7.0924e-01    +1.1374e+00   -9.2852e-04  |      ---           ---           ---     
n=03:                                2.1137e+01    -3.2980e+01   +4.7115e-04  |      ---           ---           ---     
n=04:                                1.1574e+04    +1.9453e+03   -4.8634e-04  |      ---           ---           ---     
n=05:                                2.4289e+05    +6.3086e+03   -2.7601e-05  |      ---           ---           ---     
n=06:                                4.5993e+07    -9.4960e+06   +7.2705e-04  |      ---           ---           ---     
