--- multipoles on reference trajectory (rz > 0) ---
effective_length:                   632.4863548483302 mm
perpendicular_grid:                 65 points in [-12.000000,+12.000000] mm
max_fitting_error_normal            0.110/5874.349 G/G
max_fitting_error_skew              355.182/355.182 G/G
r0_for_relative_multipoles          12 mm
main_monomial                       n = 0, skew:False
                                       Nn(s=0)      Integ_Nn     Nn/N0(@r0)   |    Sn(s=0)      Integ_Sn     Sn/S0(@r0)  
<multipole_order n>                    [T/m^n]      [T.m/m^n]        []       |    [T/m^n]      [T.m/m^n]        []      
n=00:                                5.6431e-01    -3.5692e-01   +1.0000e+00  |      ---           ---           ---     
n=01:                                7.7330e+00    +4.7852e+00   -1.6089e-01  |      ---           ---           ---     
n=02:                                2.8596e-01    +8.3224e-01   -3.3577e-04  |      ---           ---           ---     
n=03:                                1.4199e+01    -2.8455e+01   +1.3776e-04  |      ---           ---           ---     
n=04:                                1.1245e+03    +2.7896e+03   -1.6207e-04  |      ---           ---           ---     
n=05:                                2.4309e+05    -4.5656e+04   +3.1830e-05  |      ---           ---           ---     
n=06:                                1.4252e+07    -1.4735e+07   +1.2327e-04  |      ---           ---           ---     
