--- multipoles on reference trajectory (rz > 0) ---
effective_length:                   630.9076761472801 mm
perpendicular_grid:                 65 points in [-12.000000,+12.000000] mm
max_fitting_error_normal            0.096/5784.124 G/G
max_fitting_error_skew              365.250/365.250 G/G
r0_for_relative_multipoles          12 mm
main_monomial                       n = 0, skew:False
                                       Nn(s=0)      Integ_Nn     Nn/N0(@r0)   |    Sn(s=0)      Integ_Sn     Sn/S0(@r0)  
<multipole_order n>                    [T/m^n]      [T.m/m^n]        []       |    [T/m^n]      [T.m/m^n]        []      
n=00:                                5.9283e-01    -3.7402e-01   +1.0000e+00  |      ---           ---           ---     
n=01:                                8.1148e+00    +5.0121e+00   -1.6081e-01  |      ---           ---           ---     
n=02:                                2.4498e-01    +1.2645e+00   -4.8685e-04  |      ---           ---           ---     
n=03:                                3.3809e+01    -1.9090e+01   +8.8198e-05  |      ---           ---           ---     
n=04:                                6.1671e+03    -1.3289e+03   +7.3676e-05  |      ---           ---           ---     
n=05:                                9.4929e+04    -1.2756e+05   +8.4863e-05  |      ---           ---           ---     
n=06:                                8.2499e+06    -5.1404e+05   +4.1038e-06  |      ---           ---           ---     
