--- multipoles on reference trajectory (rz > 0) ---
effective_length:                   629.7445936176152 mm
perpendicular_grid:                 65 points in [-12.000000,+12.000000] mm
max_fitting_error_normal            0.057/6255.379 G/G
max_fitting_error_skew              335.101/335.101 G/G
r0_for_relative_multipoles          12 mm
main_monomial                       n = 0, skew:False
                                       Nn(s=0)      Integ_Nn     Nn/N0(@r0)   |    Sn(s=0)      Integ_Sn     Sn/S0(@r0)  
<multipole_order n>                    [T/m^n]      [T.m/m^n]        []       |    [T/m^n]      [T.m/m^n]        []      
n=00:                                5.3699e-01    -3.3817e-01   +1.0000e+00  |      ---           ---           ---     
n=01:                                7.3628e+00    +4.5384e+00   -1.6105e-01  |      ---           ---           ---     
n=02:                                7.1994e-02    +1.0188e+00   -4.3382e-04  |      ---           ---           ---     
n=03:                                4.7668e+00    -3.5000e+01   +1.7885e-04  |      ---           ---           ---     
n=04:                                5.8966e+03    -9.2697e+02   +5.6840e-05  |      ---           ---           ---     
n=05:                                2.7250e+05    -2.6858e+04   +1.9763e-05  |      ---           ---           ---     
n=06:                                2.4357e+07    +1.4227e+06   -1.2562e-05  |      ---           ---           ---     
