--- multipoles on reference trajectory (rz > 0) ---
effective_length:                   630.7973349294064 mm
perpendicular_grid:                 65 points in [-12.000000,+12.000000] mm
max_fitting_error_normal            0.076/6930.384 G/G
max_fitting_error_skew              370.682/370.682 G/G
r0_for_relative_multipoles          12 mm
main_monomial                       n = 0, skew:False
                                       Nn(s=0)      Integ_Nn     Nn/N0(@r0)   |    Sn(s=0)      Integ_Sn     Sn/S0(@r0)  
<multipole_order n>                    [T/m^n]      [T.m/m^n]        []       |    [T/m^n]      [T.m/m^n]        []      
n=00:                                5.9314e-01    -3.7415e-01   +1.0000e+00  |      ---           ---           ---     
n=01:                                8.1251e+00    +5.0173e+00   -1.6092e-01  |      ---           ---           ---     
n=02:                                4.5348e-01    +1.1333e+00   -4.3617e-04  |      ---           ---           ---     
n=03:                                7.3126e+01    -3.8473e+01   +1.7769e-04  |      ---           ---           ---     
n=04:                                6.0949e+03    -2.0023e+02   +1.1097e-05  |      ---           ---           ---     
n=05:                                2.6780e+05    +2.6144e+01   -1.7387e-08  |      ---           ---           ---     
n=06:                                3.2949e+07    -2.2634e+06   +1.8064e-05  |      ---           ---           ---     
