--- multipoles on reference trajectory (rz > 0) ---
effective_length:                   630.5455093748243 mm
perpendicular_grid:                 65 points in [-12.000000,+12.000000] mm
max_fitting_error_normal            0.060/4544.587 G/G
max_fitting_error_skew              343.941/343.941 G/G
r0_for_relative_multipoles          17.5 mm
main_monomial                       n = 0, skew:False
                                       Nn(s=0)      Integ_Nn     Nn/N0(@r0)   |    Sn(s=0)      Integ_Sn     Sn/S0(@r0)  
<multipole_order n>                    [T/m^n]      [T.m/m^n]        []       |    [T/m^n]      [T.m/m^n]        []      
n=00:                                5.3847e-01    -3.3953e-01   +1.0000e+00  |      ---           ---           ---     
n=01:                                7.3632e+00    +4.5435e+00   -2.3418e-01  |      ---           ---           ---     
n=02:                                2.1472e-01    +9.5532e-01   -8.6168e-04  |      ---           ---           ---     
n=03:                                2.6019e+01    -3.2145e+01   +5.0739e-04  |      ---           ---           ---     
n=04:                                1.5273e+03    +9.4174e+02   -2.6014e-04  |      ---           ---           ---     
n=05:                                4.1668e+04    -3.3232e+04   +1.6065e-04  |      ---           ---           ---     
n=06:                                1.2719e+07    -6.5713e+06   +5.5591e-04  |      ---           ---           ---     
