--- multipoles on reference trajectory (rz > 0) ---
effective_length:                   629.7221726188861 mm
perpendicular_grid:                 65 points in [-12.000000,+12.000000] mm
max_fitting_error_normal            0.078/4955.782 G/G
max_fitting_error_skew              365.765/365.765 G/G
r0_for_relative_multipoles          12 mm
main_monomial                       n = 0, skew:False
                                       Nn(s=0)      Integ_Nn     Nn/N0(@r0)   |    Sn(s=0)      Integ_Sn     Sn/S0(@r0)  
<multipole_order n>                    [T/m^n]      [T.m/m^n]        []       |    [T/m^n]      [T.m/m^n]        []      
n=00:                                5.9302e-01    -3.7344e-01   +1.0000e+00  |      ---           ---           ---     
n=01:                                8.1257e+00    +5.0124e+00   -1.6107e-01  |      ---           ---           ---     
n=02:                                4.4006e-01    +1.2895e+00   -4.9723e-04  |      ---           ---           ---     
n=03:                                3.3739e+01    -1.6860e+01   +7.8017e-05  |      ---           ---           ---     
n=04:                                4.8914e+03    -9.1658e+02   +5.0895e-05  |      ---           ---           ---     
n=05:                                4.2290e+05    -1.1195e+05   +7.4599e-05  |      ---           ---           ---     
n=06:                                4.1945e+06    +3.0608e+05   -2.4474e-06  |      ---           ---           ---     
