--- multipoles on reference trajectory (rz > 0) ---
effective_length:                   630.8167165991601 mm
perpendicular_grid:                 65 points in [-12.000000,+12.000000] mm
max_fitting_error_normal            0.082/4737.124 G/G
max_fitting_error_skew              347.975/347.975 G/G
r0_for_relative_multipoles          12 mm
main_monomial                       n = 0, skew:False
                                       Nn(s=0)      Integ_Nn     Nn/N0(@r0)   |    Sn(s=0)      Integ_Sn     Sn/S0(@r0)  
<multipole_order n>                    [T/m^n]      [T.m/m^n]        []       |    [T/m^n]      [T.m/m^n]        []      
n=00:                                5.6442e-01    -3.5605e-01   +1.0000e+00  |      ---           ---           ---     
n=01:                                7.7378e+00    +4.7721e+00   -1.6084e-01  |      ---           ---           ---     
n=02:                                3.3885e-01    +8.4264e-01   -3.4080e-04  |      ---           ---           ---     
n=03:                                4.4373e+01    -2.6267e+01   +1.2748e-04  |      ---           ---           ---     
n=04:                                6.6088e+03    +2.7483e+03   -1.6006e-04  |      ---           ---           ---     
n=05:                                8.9313e+04    -6.4418e+04   +4.5020e-05  |      ---           ---           ---     
n=06:                                3.9930e+07    -1.4029e+07   +1.1765e-04  |      ---           ---           ---     
