--- multipoles on reference trajectory (rz > 0) ---
effective_length:                   630.2459712515418 mm
perpendicular_grid:                 65 points in [-12.000000,+12.000000] mm
max_fitting_error_normal            0.079/6908.456 G/G
max_fitting_error_skew              375.435/375.435 G/G
r0_for_relative_multipoles          12 mm
main_monomial                       n = 0, skew:False
                                       Nn(s=0)      Integ_Nn     Nn/N0(@r0)   |    Sn(s=0)      Integ_Sn     Sn/S0(@r0)  
<multipole_order n>                    [T/m^n]      [T.m/m^n]        []       |    [T/m^n]      [T.m/m^n]        []      
n=00:                                5.9235e-01    -3.7332e-01   +1.0000e+00  |      ---           ---           ---     
n=01:                                8.1107e+00    +5.0037e+00   -1.6084e-01  |      ---           ---           ---     
n=02:                                5.3478e-01    +1.1671e+00   -4.5019e-04  |      ---           ---           ---     
n=03:                                2.3870e+01    -3.6912e+01   +1.7085e-04  |      ---           ---           ---     
n=04:                                3.7880e+03    -2.8332e+03   +1.5737e-04  |      ---           ---           ---     
n=05:                                1.6009e+04    -2.6127e+04   +1.7415e-05  |      ---           ---           ---     
n=06:                                2.4605e+07    +7.8172e+06   -6.2525e-05  |      ---           ---           ---     
