--- multipoles on reference trajectory (rz > 0) ---
effective_length:                   632.4626146166636 mm
perpendicular_grid:                 65 points in [-12.000000,+12.000000] mm
max_fitting_error_normal            0.063/5881.201 G/G
max_fitting_error_skew              349.192/349.192 G/G
r0_for_relative_multipoles          17.5 mm
main_monomial                       n = 0, skew:False
                                       Nn(s=0)      Integ_Nn     Nn/N0(@r0)   |    Sn(s=0)      Integ_Sn     Sn/S0(@r0)  
<multipole_order n>                    [T/m^n]      [T.m/m^n]        []       |    [T/m^n]      [T.m/m^n]        []      
n=00:                                5.6639e-01    -3.5822e-01   +1.0000e+00  |      ---           ---           ---     
n=01:                                7.7299e+00    +4.7856e+00   -2.3379e-01  |      ---           ---           ---     
n=02:                                1.1616e-01    +9.9576e-01   -8.5129e-04  |      ---           ---           ---     
n=03:                                1.5660e+01    -2.2351e+01   +3.3439e-04  |      ---           ---           ---     
n=04:                                2.6753e+03    +3.1242e+02   -8.1796e-05  |      ---           ---           ---     
n=05:                                1.1569e+05    -7.3887e+04   +3.3854e-04  |      ---           ---           ---     
n=06:                                2.2005e+06    -4.4732e+06   +3.5867e-04  |      ---           ---           ---     
