--- multipoles on reference trajectory (rz > 0) ---
effective_length:                   631.4202846724571 mm
perpendicular_grid:                 65 points in [-12.000000,+12.000000] mm
max_fitting_error_normal            0.100/6599.685 G/G
max_fitting_error_skew              346.478/346.478 G/G
r0_for_relative_multipoles          12 mm
main_monomial                       n = 0, skew:False
                                       Nn(s=0)      Integ_Nn     Nn/N0(@r0)   |    Sn(s=0)      Integ_Sn     Sn/S0(@r0)  
<multipole_order n>                    [T/m^n]      [T.m/m^n]        []       |    [T/m^n]      [T.m/m^n]        []      
n=00:                                5.6488e-01    -3.5668e-01   +1.0000e+00  |      ---           ---           ---     
n=01:                                7.7390e+00    +4.7874e+00   -1.6107e-01  |      ---           ---           ---     
n=02:                                2.0160e-01    +1.0314e+00   -4.1641e-04  |      ---           ---           ---     
n=03:                                2.7294e+01    -1.8057e+01   +8.7482e-05  |      ---           ---           ---     
n=04:                                4.4281e+01    -1.0001e+03   +5.8141e-05  |      ---           ---           ---     
n=05:                                3.5958e+05    -1.0296e+05   +7.1830e-05  |      ---           ---           ---     
n=06:                                4.9036e+06    +2.2569e+06   -1.8894e-05  |      ---           ---           ---     
