--- multipoles on reference trajectory (rz > 0) ---
effective_length:                   631.1210644802554 mm
perpendicular_grid:                 65 points in [-12.000000,+12.000000] mm
max_fitting_error_normal            0.116/6933.124 G/G
max_fitting_error_skew              373.773/373.773 G/G
r0_for_relative_multipoles          12 mm
main_monomial                       n = 0, skew:False
                                       Nn(s=0)      Integ_Nn     Nn/N0(@r0)   |    Sn(s=0)      Integ_Sn     Sn/S0(@r0)  
<multipole_order n>                    [T/m^n]      [T.m/m^n]        []       |    [T/m^n]      [T.m/m^n]        []      
n=00:                                5.9234e-01    -3.7384e-01   +1.0000e+00  |      ---           ---           ---     
n=01:                                8.1114e+00    +5.0104e+00   -1.6083e-01  |      ---           ---           ---     
n=02:                                2.9327e-01    +9.7300e-01   -3.7479e-04  |      ---           ---           ---     
n=03:                                9.2280e+00    -3.1578e+01   +1.4596e-04  |      ---           ---           ---     
n=04:                                5.9381e+03    +2.0230e+03   -1.1221e-04  |      ---           ---           ---     
n=05:                                7.6247e+04    -1.5213e+04   +1.0126e-05  |      ---           ---           ---     
n=06:                                3.8306e+07    -1.1190e+07   +8.9376e-05  |      ---           ---           ---     
