--- multipoles on reference trajectory (rz > 0) ---
effective_length:                   633.0147357559605 mm
perpendicular_grid:                 65 points in [-12.000000,+12.000000] mm
max_fitting_error_normal            0.087/4507.230 G/G
max_fitting_error_skew              341.202/341.202 G/G
r0_for_relative_multipoles          12 mm
main_monomial                       n = 0, skew:False
                                       Nn(s=0)      Integ_Nn     Nn/N0(@r0)   |    Sn(s=0)      Integ_Sn     Sn/S0(@r0)  
<multipole_order n>                    [T/m^n]      [T.m/m^n]        []       |    [T/m^n]      [T.m/m^n]        []      
n=00:                                5.3825e-01    -3.4072e-01   +1.0000e+00  |      ---           ---           ---     
n=01:                                7.3458e+00    +4.5477e+00   -1.6017e-01  |      ---           ---           ---     
n=02:                                1.2018e-01    +1.0206e+00   -4.3134e-04  |      ---           ---           ---     
n=03:                                4.2601e+01    -1.0198e+01   +5.1722e-05  |      ---           ---           ---     
n=04:                                2.6135e+03    +1.7998e+03   -1.0954e-04  |      ---           ---           ---     
n=05:                                3.5022e+05    -8.7540e+04   +6.3931e-05  |      ---           ---           ---     
n=06:                                2.6021e+07    -1.1345e+07   +9.9426e-05  |      ---           ---           ---     
