--- multipoles on reference trajectory (rz > 0) ---
effective_length:                   629.7144756230616 mm
perpendicular_grid:                 65 points in [-12.000000,+12.000000] mm
max_fitting_error_normal            0.080/4737.406 G/G
max_fitting_error_skew              352.058/352.058 G/G
r0_for_relative_multipoles          12 mm
main_monomial                       n = 0, skew:False
                                       Nn(s=0)      Integ_Nn     Nn/N0(@r0)   |    Sn(s=0)      Integ_Sn     Sn/S0(@r0)  
<multipole_order n>                    [T/m^n]      [T.m/m^n]        []       |    [T/m^n]      [T.m/m^n]        []      
n=00:                                5.6501e-01    -3.5580e-01   +1.0000e+00  |      ---           ---           ---     
n=01:                                7.7432e+00    +4.7688e+00   -1.6084e-01  |      ---           ---           ---     
n=02:                                2.8258e-01    +9.8087e-01   -3.9698e-04  |      ---           ---           ---     
n=03:                                1.9516e+01    -4.0035e+01   +1.9444e-04  |      ---           ---           ---     
n=04:                                2.8242e+03    +4.4190e+02   -2.5754e-05  |      ---           ---           ---     
n=05:                                8.7298e+04    -7.5607e+03   +5.2877e-06  |      ---           ---           ---     
n=06:                                2.0982e+07    -5.7946e+06   +4.8630e-05  |      ---           ---           ---     
