--- multipoles on reference trajectory (rz > 0) ---
effective_length:                   631.4507117305831 mm
perpendicular_grid:                 65 points in [-12.000000,+12.000000] mm
max_fitting_error_normal            0.083/6585.489 G/G
max_fitting_error_skew              354.343/354.343 G/G
r0_for_relative_multipoles          12 mm
main_monomial                       n = 0, skew:False
                                       Nn(s=0)      Integ_Nn     Nn/N0(@r0)   |    Sn(s=0)      Integ_Sn     Sn/S0(@r0)  
<multipole_order n>                    [T/m^n]      [T.m/m^n]        []       |    [T/m^n]      [T.m/m^n]        []      
n=00:                                5.6518e-01    -3.5688e-01   +1.0000e+00  |      ---           ---           ---     
n=01:                                7.7426e+00    +4.7884e+00   -1.6101e-01  |      ---           ---           ---     
n=02:                                3.6159e-02    +1.1406e+00   -4.6021e-04  |      ---           ---           ---     
n=03:                                2.3417e+01    -2.3713e+01   +1.1482e-04  |      ---           ---           ---     
n=04:                                4.7947e+02    -4.6838e+02   +2.7215e-05  |      ---           ---           ---     
n=05:                                3.1115e+04    -5.7921e+04   +4.0385e-05  |      ---           ---           ---     
n=06:                                1.6383e+07    -1.4284e+06   +1.1951e-05  |      ---           ---           ---     
