--- multipoles on reference trajectory (rz > 0) ---
effective_length:                   632.7259518834098 mm
perpendicular_grid:                 65 points in [-12.000000,+12.000000] mm
max_fitting_error_normal            0.081/6259.146 G/G
max_fitting_error_skew              330.227/330.227 G/G
r0_for_relative_multipoles          12 mm
main_monomial                       n = 0, skew:False
                                       Nn(s=0)      Integ_Nn     Nn/N0(@r0)   |    Sn(s=0)      Integ_Sn     Sn/S0(@r0)  
<multipole_order n>                    [T/m^n]      [T.m/m^n]        []       |    [T/m^n]      [T.m/m^n]        []      
n=00:                                5.3651e-01    -3.3946e-01   +1.0000e+00  |      ---           ---           ---     
n=01:                                7.3450e+00    +4.5534e+00   -1.6096e-01  |      ---           ---           ---     
n=02:                                7.6209e-01    +6.3801e-01   -2.7065e-04  |      ---           ---           ---     
n=03:                                6.6043e+01    -4.4008e+01   +2.2402e-04  |      ---           ---           ---     
n=04:                                4.1195e+03    +2.0837e+03   -1.2728e-04  |      ---           ---           ---     
n=05:                                5.2266e+05    +3.0026e+04   -2.2010e-05  |      ---           ---           ---     
n=06:                                1.5402e+07    -9.8077e+06   +8.6271e-05  |      ---           ---           ---     
