--- multipoles on reference trajectory (rz > 0) ---
effective_length:                   630.586977071098 mm
perpendicular_grid:                 65 points in [-12.000000,+12.000000] mm
max_fitting_error_normal            0.099/6289.442 G/G
max_fitting_error_skew              330.551/330.551 G/G
r0_for_relative_multipoles          12 mm
main_monomial                       n = 0, skew:False
                                       Nn(s=0)      Integ_Nn     Nn/N0(@r0)   |    Sn(s=0)      Integ_Sn     Sn/S0(@r0)  
<multipole_order n>                    [T/m^n]      [T.m/m^n]        []       |    [T/m^n]      [T.m/m^n]        []      
n=00:                                5.3689e-01    -3.3856e-01   +1.0000e+00  |      ---           ---           ---     
n=01:                                7.3497e+00    +4.5441e+00   -1.6106e-01  |      ---           ---           ---     
n=02:                                9.1200e-01    +8.0796e-01   -3.4365e-04  |      ---           ---           ---     
n=03:                                7.2763e+01    -4.8980e+01   +2.4999e-04  |      ---           ---           ---     
n=04:                                5.5367e+03    +2.6442e+01   -1.6195e-06  |      ---           ---           ---     
n=05:                                1.8331e+05    +5.4258e+04   -3.9879e-05  |      ---           ---           ---     
n=06:                                3.0121e+07    -3.3235e+06   +2.9312e-05  |      ---           ---           ---     
