--- multipoles on reference trajectory (rz > 0) ---
effective_length:                   631.6710604501918 mm
perpendicular_grid:                 65 points in [-12.000000,+12.000000] mm
max_fitting_error_normal            0.103/6913.551 G/G
max_fitting_error_skew              362.621/362.621 G/G
r0_for_relative_multipoles          12 mm
main_monomial                       n = 0, skew:False
                                       Nn(s=0)      Integ_Nn     Nn/N0(@r0)   |    Sn(s=0)      Integ_Sn     Sn/S0(@r0)  
<multipole_order n>                    [T/m^n]      [T.m/m^n]        []       |    [T/m^n]      [T.m/m^n]        []      
n=00:                                5.9272e-01    -3.7440e-01   +1.0000e+00  |      ---           ---           ---     
n=01:                                8.1149e+00    +5.0194e+00   -1.6088e-01  |      ---           ---           ---     
n=02:                                4.8805e-01    +1.1597e+00   -4.4603e-04  |      ---           ---           ---     
n=03:                                7.3443e+01    -4.5126e+01   +2.0827e-04  |      ---           ---           ---     
n=04:                                5.9753e+03    -1.5043e+03   +8.3312e-05  |      ---           ---           ---     
n=05:                                1.4253e+05    +2.0481e+04   -1.3612e-05  |      ---           ---           ---     
n=06:                                3.5219e+07    +1.8530e+06   -1.4778e-05  |      ---           ---           ---     
