--- multipoles on reference trajectory (rz > 0) ---
effective_length:                   630.8633234412475 mm
perpendicular_grid:                 65 points in [-12.000000,+12.000000] mm
max_fitting_error_normal            0.078/5750.542 G/G
max_fitting_error_skew              373.178/373.178 G/G
r0_for_relative_multipoles          12 mm
main_monomial                       n = 0, skew:False
                                       Nn(s=0)      Integ_Nn     Nn/N0(@r0)   |    Sn(s=0)      Integ_Sn     Sn/S0(@r0)  
<multipole_order n>                    [T/m^n]      [T.m/m^n]        []       |    [T/m^n]      [T.m/m^n]        []      
n=00:                                5.9240e-01    -3.7372e-01   +1.0000e+00  |      ---           ---           ---     
n=01:                                8.1063e+00    +5.0039e+00   -1.6067e-01  |      ---           ---           ---     
n=02:                                8.0416e-03    +8.8992e-01   -3.4290e-04  |      ---           ---           ---     
n=03:                                6.1712e+01    -1.5660e+01   +7.2408e-05  |      ---           ---           ---     
n=04:                                1.1922e+03    +2.0978e+03   -1.1640e-04  |      ---           ---           ---     
n=05:                                4.3721e+05    -8.3854e+04   +5.5832e-05  |      ---           ---           ---     
n=06:                                5.6210e+06    -1.0043e+07   +8.0241e-05  |      ---           ---           ---     
