--- multipoles on reference trajectory (rz > 0) ---
effective_length:                   630.1261943042474 mm
perpendicular_grid:                 65 points in [-12.000000,+12.000000] mm
max_fitting_error_normal            0.053/5367.610 G/G
max_fitting_error_skew              337.414/337.414 G/G
r0_for_relative_multipoles          12 mm
main_monomial                       n = 0, skew:False
                                       Nn(s=0)      Integ_Nn     Nn/N0(@r0)   |    Sn(s=0)      Integ_Sn     Sn/S0(@r0)  
<multipole_order n>                    [T/m^n]      [T.m/m^n]        []       |    [T/m^n]      [T.m/m^n]        []      
n=00:                                5.3672e-01    -3.3820e-01   +1.0000e+00  |      ---           ---           ---     
n=01:                                7.3545e+00    +4.5391e+00   -1.6106e-01  |      ---           ---           ---     
n=02:                                4.4068e-01    +7.1930e-01   -3.0627e-04  |      ---           ---           ---     
n=03:                                1.9404e+01    -2.6768e+01   +1.3677e-04  |      ---           ---           ---     
n=04:                                1.2502e+03    +9.1936e+02   -5.6369e-05  |      ---           ---           ---     
n=05:                                4.7853e+03    -4.7598e+04   +3.5020e-05  |      ---           ---           ---     
n=06:                                1.5727e+07    -3.9717e+06   +3.5066e-05  |      ---           ---           ---     
