--- multipoles on reference trajectory (rz > 0) ---
effective_length:                   630.6952657830055 mm
perpendicular_grid:                 65 points in [-12.000000,+12.000000] mm
max_fitting_error_normal            0.110/6154.668 G/G
max_fitting_error_skew              367.447/367.447 G/G
r0_for_relative_multipoles          12 mm
main_monomial                       n = 0, skew:False
                                       Nn(s=0)      Integ_Nn     Nn/N0(@r0)   |    Sn(s=0)      Integ_Sn     Sn/S0(@r0)  
<multipole_order n>                    [T/m^n]      [T.m/m^n]        []       |    [T/m^n]      [T.m/m^n]        []      
n=00:                                5.9331e-01    -3.7420e-01   +1.0000e+00  |      ---           ---           ---     
n=01:                                8.1273e+00    +5.0179e+00   -1.6092e-01  |      ---           ---           ---     
n=02:                                9.3741e-02    +1.2662e+00   -4.8727e-04  |      ---           ---           ---     
n=03:                                7.8578e+01    -2.9555e+01   +1.3648e-04  |      ---           ---           ---     
n=04:                                2.6239e+03    -1.4462e+03   +8.0142e-05  |      ---           ---           ---     
n=05:                                1.9701e+05    -3.0290e+04   +2.0142e-05  |      ---           ---           ---     
n=06:                                2.5003e+07    +9.7936e+05   -7.8149e-06  |      ---           ---           ---     
