--- multipoles on reference trajectory (rz > 0) ---
effective_length:                   630.0935542801035 mm
perpendicular_grid:                 65 points in [-12.000000,+12.000000] mm
max_fitting_error_normal            0.109/4741.270 G/G
max_fitting_error_skew              361.178/361.178 G/G
r0_for_relative_multipoles          12 mm
main_monomial                       n = 0, skew:False
                                       Nn(s=0)      Integ_Nn     Nn/N0(@r0)   |    Sn(s=0)      Integ_Sn     Sn/S0(@r0)  
<multipole_order n>                    [T/m^n]      [T.m/m^n]        []       |    [T/m^n]      [T.m/m^n]        []      
n=00:                                5.6495e-01    -3.5597e-01   +1.0000e+00  |      ---           ---           ---     
n=01:                                7.7410e+00    +4.7753e+00   -1.6098e-01  |      ---           ---           ---     
n=02:                                1.7812e-01    +1.1414e+00   -4.6171e-04  |      ---           ---           ---     
n=03:                                2.8600e+00    -2.5517e+01   +1.2387e-04  |      ---           ---           ---     
n=04:                                3.7599e+03    +4.9152e+02   -2.8632e-05  |      ---           ---           ---     
n=05:                                1.1367e+05    -2.4210e+03   +1.6923e-06  |      ---           ---           ---     
n=06:                                2.0816e+07    -5.8124e+06   +4.8756e-05  |      ---           ---           ---     
