--- multipoles on reference trajectory (rz > 0) ---
effective_length:                   631.1904860806341 mm
perpendicular_grid:                 65 points in [-12.000000,+12.000000] mm
max_fitting_error_normal            0.090/6901.435 G/G
max_fitting_error_skew              365.426/365.426 G/G
r0_for_relative_multipoles          12 mm
main_monomial                       n = 0, skew:False
                                       Nn(s=0)      Integ_Nn     Nn/N0(@r0)   |    Sn(s=0)      Integ_Sn     Sn/S0(@r0)  
<multipole_order n>                    [T/m^n]      [T.m/m^n]        []       |    [T/m^n]      [T.m/m^n]        []      
n=00:                                5.9261e-01    -3.7405e-01   +1.0000e+00  |      ---           ---           ---     
n=01:                                8.1112e+00    +5.0107e+00   -1.6075e-01  |      ---           ---           ---     
n=02:                                3.4180e-02    +1.1428e+00   -4.3997e-04  |      ---           ---           ---     
n=03:                                5.8693e+00    -2.6466e+01   +1.2226e-04  |      ---           ---           ---     
n=04:                                8.5305e+03    -1.5103e+03   +8.3725e-05  |      ---           ---           ---     
n=05:                                3.5024e+05    -9.7746e+04   +6.5024e-05  |      ---           ---           ---     
n=06:                                2.4327e+07    +1.4614e+06   -1.1666e-05  |      ---           ---           ---     
