--- multipoles on reference trajectory (rz > 0) ---
effective_length:                   629.5040538749098 mm
perpendicular_grid:                 65 points in [-12.000000,+12.000000] mm
max_fitting_error_normal            0.075/4737.260 G/G
max_fitting_error_skew              349.744/349.744 G/G
r0_for_relative_multipoles          12 mm
main_monomial                       n = 0, skew:False
                                       Nn(s=0)      Integ_Nn     Nn/N0(@r0)   |    Sn(s=0)      Integ_Sn     Sn/S0(@r0)  
<multipole_order n>                    [T/m^n]      [T.m/m^n]        []       |    [T/m^n]      [T.m/m^n]        []      
n=00:                                5.6527e-01    -3.5584e-01   +1.0000e+00  |      ---           ---           ---     
n=01:                                7.7425e+00    +4.7750e+00   -1.6103e-01  |      ---           ---           ---     
n=02:                                5.5794e-01    +9.8538e-01   -3.9876e-04  |      ---           ---           ---     
n=03:                                1.3185e+01    -2.9647e+01   +1.4397e-04  |      ---           ---           ---     
n=04:                                8.3044e+03    +2.6404e+02   -1.5386e-05  |      ---           ---           ---     
n=05:                                8.1463e+04    -8.9688e+03   +6.2717e-06  |      ---           ---           ---     
n=06:                                4.7579e+07    -5.5819e+06   +4.6840e-05  |      ---           ---           ---     
