--- multipoles on reference trajectory (rz > 0) ---
effective_length:                   631.7895004989379 mm
perpendicular_grid:                 65 points in [-12.000000,+12.000000] mm
max_fitting_error_normal            0.083/6260.128 G/G
max_fitting_error_skew              330.857/330.857 G/G
r0_for_relative_multipoles          12 mm
main_monomial                       n = 0, skew:False
                                       Nn(s=0)      Integ_Nn     Nn/N0(@r0)   |    Sn(s=0)      Integ_Sn     Sn/S0(@r0)  
<multipole_order n>                    [T/m^n]      [T.m/m^n]        []       |    [T/m^n]      [T.m/m^n]        []      
n=00:                                5.3644e-01    -3.3892e-01   +1.0000e+00  |      ---           ---           ---     
n=01:                                7.3492e+00    +4.5449e+00   -1.6092e-01  |      ---           ---           ---     
n=02:                                4.6263e-01    +9.5901e-01   -4.0746e-04  |      ---           ---           ---     
n=03:                                4.2336e+01    -3.7413e+01   +1.9075e-04  |      ---           ---           ---     
n=04:                                1.7747e+03    -1.8969e+03   +1.1606e-04  |      ---           ---           ---     
n=05:                                4.2213e+03    -1.1964e+04   +8.7839e-06  |      ---           ---           ---     
n=06:                                1.3321e+07    +3.5153e+06   -3.0971e-05  |      ---           ---           ---     
