--- multipoles on reference trajectory (rz > 0) ---
effective_length:                   629.8622149654482 mm
perpendicular_grid:                 65 points in [-12.000000,+12.000000] mm
max_fitting_error_normal            0.084/6277.737 G/G
max_fitting_error_skew              328.668/328.668 G/G
r0_for_relative_multipoles          12 mm
main_monomial                       n = 0, skew:False
                                       Nn(s=0)      Integ_Nn     Nn/N0(@r0)   |    Sn(s=0)      Integ_Sn     Sn/S0(@r0)  
<multipole_order n>                    [T/m^n]      [T.m/m^n]        []       |    [T/m^n]      [T.m/m^n]        []      
n=00:                                5.3669e-01    -3.3804e-01   +1.0000e+00  |      ---           ---           ---     
n=01:                                7.3522e+00    +4.5356e+00   -1.6101e-01  |      ---           ---           ---     
n=02:                                9.2503e-01    +8.1968e-01   -3.4917e-04  |      ---           ---           ---     
n=03:                                4.3528e+01    -4.2386e+01   +2.1667e-04  |      ---           ---           ---     
n=04:                                6.7476e+03    -5.3143e+02   +3.2599e-05  |      ---           ---           ---     
n=05:                                1.0412e+04    +5.0992e+03   -3.7535e-06  |      ---           ---           ---     
n=06:                                3.6471e+07    -1.9295e+06   +1.7044e-05  |      ---           ---           ---     
