--- multipoles on reference trajectory (rz > 0) ---
effective_length:                   631.7086213066077 mm
perpendicular_grid:                 65 points in [-12.000000,+12.000000] mm
max_fitting_error_normal            0.049/6263.091 G/G
max_fitting_error_skew              340.308/340.308 G/G
r0_for_relative_multipoles          12 mm
main_monomial                       n = 0, skew:False
                                       Nn(s=0)      Integ_Nn     Nn/N0(@r0)   |    Sn(s=0)      Integ_Sn     Sn/S0(@r0)  
<multipole_order n>                    [T/m^n]      [T.m/m^n]        []       |    [T/m^n]      [T.m/m^n]        []      
n=00:                                5.3638e-01    -3.3883e-01   +1.0000e+00  |      ---           ---           ---     
n=01:                                7.3488e+00    +4.5430e+00   -1.6089e-01  |      ---           ---           ---     
n=02:                                2.3396e-01    +7.5646e-01   -3.2149e-04  |      ---           ---           ---     
n=03:                                3.1526e+01    -1.8065e+01   +9.2126e-05  |      ---           ---           ---     
n=04:                                4.2411e+03    -1.1437e+02   +6.9993e-06  |      ---           ---           ---     
n=05:                                4.8113e+04    -4.9532e+04   +3.6375e-05  |      ---           ---           ---     
n=06:                                1.3867e+07    -2.5063e+05   +2.2087e-06  |      ---           ---           ---     
