--- multipoles on reference trajectory (rz > 0) ---
effective_length:                   630.302305708327 mm
perpendicular_grid:                 65 points in [-12.000000,+12.000000] mm
max_fitting_error_normal            0.065/6948.292 G/G
max_fitting_error_skew              368.320/368.320 G/G
r0_for_relative_multipoles          12 mm
main_monomial                       n = 0, skew:False
                                       Nn(s=0)      Integ_Nn     Nn/N0(@r0)   |    Sn(s=0)      Integ_Sn     Sn/S0(@r0)  
<multipole_order n>                    [T/m^n]      [T.m/m^n]        []       |    [T/m^n]      [T.m/m^n]        []      
n=00:                                5.9369e-01    -3.7420e-01   +1.0000e+00  |      ---           ---           ---     
n=01:                                8.1264e+00    +5.0150e+00   -1.6082e-01  |      ---           ---           ---     
n=02:                                1.0088e-01    +1.1442e+00   -4.4031e-04  |      ---           ---           ---     
n=03:                                7.9993e+00    -1.8569e+01   +8.5749e-05  |      ---           ---           ---     
n=04:                                9.1258e+02    +5.3420e+02   -2.9602e-05  |      ---           ---           ---     
n=05:                                9.0149e+04    -1.0299e+05   +6.8487e-05  |      ---           ---           ---     
n=06:                                6.7073e+06    -4.1920e+06   +3.3450e-05  |      ---           ---           ---     
