--- multipoles on reference trajectory (rz > 0) ---
effective_length:                   628.9140240315648 mm
perpendicular_grid:                 65 points in [-12.000000,+12.000000] mm
max_fitting_error_normal            0.065/6948.291 G/G
max_fitting_error_skew              368.320/368.320 G/G
r0_for_relative_multipoles          12 mm
main_monomial                       n = 0, skew:False
                                       Nn(s=0)      Integ_Nn     Nn/N0(@r0)   |    Sn(s=0)      Integ_Sn     Sn/S0(@r0)  
<multipole_order n>                    [T/m^n]      [T.m/m^n]        []       |    [T/m^n]      [T.m/m^n]        []      
n=00:                                5.9369e-01    -3.7338e-01   +1.0000e+00  |      ---           ---           ---     
n=01:                                8.1264e+00    +5.0042e+00   -1.6083e-01  |      ---           ---           ---     
n=02:                                1.0088e-01    +1.1366e+00   -4.3836e-04  |      ---           ---           ---     
n=03:                                7.9993e+00    -1.8508e+01   +8.5655e-05  |      ---           ---           ---     
n=04:                                9.1258e+02    +5.2780e+02   -2.9312e-05  |      ---           ---           ---     
n=05:                                9.0149e+04    -1.0269e+05   +6.8434e-05  |      ---           ---           ---     
n=06:                                6.7073e+06    -4.1651e+06   +3.3309e-05  |      ---           ---           ---     
