--- multipoles on reference trajectory (rz > 0) ---
effective_length:                   632.2717252394928 mm
perpendicular_grid:                 65 points in [-12.000000,+12.000000] mm
max_fitting_error_normal            0.066/6574.833 G/G
max_fitting_error_skew              351.203/351.203 G/G
r0_for_relative_multipoles          12 mm
main_monomial                       n = 0, skew:False
                                       Nn(s=0)      Integ_Nn     Nn/N0(@r0)   |    Sn(s=0)      Integ_Sn     Sn/S0(@r0)  
<multipole_order n>                    [T/m^n]      [T.m/m^n]        []       |    [T/m^n]      [T.m/m^n]        []      
n=00:                                5.6437e-01    -3.5684e-01   +1.0000e+00  |      ---           ---           ---     
n=01:                                7.7313e+00    +4.7842e+00   -1.6089e-01  |      ---           ---           ---     
n=02:                                7.3898e-01    +8.6157e-01   -3.4768e-04  |      ---           ---           ---     
n=03:                                4.2385e+00    -3.3421e+01   +1.6184e-04  |      ---           ---           ---     
n=04:                                3.1506e+02    +2.0178e+01   -1.1725e-06  |      ---           ---           ---     
n=05:                                1.9706e+05    -5.2574e+04   +3.6661e-05  |      ---           ---           ---     
n=06:                                7.7509e+06    +1.0665e+06   -8.9244e-06  |      ---           ---           ---     
