--- multipoles on reference trajectory (rz > 0) ---
effective_length:                   629.7147277675737 mm
perpendicular_grid:                 65 points in [-12.000000,+12.000000] mm
max_fitting_error_normal            0.079/6914.114 G/G
max_fitting_error_skew              364.749/364.749 G/G
r0_for_relative_multipoles          12 mm
main_monomial                       n = 0, skew:False
                                       Nn(s=0)      Integ_Nn     Nn/N0(@r0)   |    Sn(s=0)      Integ_Sn     Sn/S0(@r0)  
<multipole_order n>                    [T/m^n]      [T.m/m^n]        []       |    [T/m^n]      [T.m/m^n]        []      
n=00:                                5.9317e-01    -3.7353e-01   +1.0000e+00  |      ---           ---           ---     
n=01:                                8.1209e+00    +5.0097e+00   -1.6094e-01  |      ---           ---           ---     
n=02:                                4.5178e-01    +9.9140e-01   -3.8220e-04  |      ---           ---           ---     
n=03:                                6.1062e+01    -4.5938e+01   +2.1251e-04  |      ---           ---           ---     
n=04:                                2.0787e+03    -4.7075e+02   +2.6133e-05  |      ---           ---           ---     
n=05:                                7.3352e+04    -1.0784e+04   +7.1842e-06  |      ---           ---           ---     
n=06:                                1.1656e+07    +5.3565e+05   -4.2820e-06  |      ---           ---           ---     
