--- multipoles on reference trajectory (rz > 0) ---
effective_length:                   631.3223695255562 mm
perpendicular_grid:                 65 points in [-12.000000,+12.000000] mm
max_fitting_error_normal            0.070/4723.818 G/G
max_fitting_error_skew              355.858/355.858 G/G
r0_for_relative_multipoles          12 mm
main_monomial                       n = 0, skew:False
                                       Nn(s=0)      Integ_Nn     Nn/N0(@r0)   |    Sn(s=0)      Integ_Sn     Sn/S0(@r0)  
<multipole_order n>                    [T/m^n]      [T.m/m^n]        []       |    [T/m^n]      [T.m/m^n]        []      
n=00:                                5.6443e-01    -3.5634e-01   +1.0000e+00  |      ---           ---           ---     
n=01:                                7.7327e+00    +4.7784e+00   -1.6092e-01  |      ---           ---           ---     
n=02:                                1.6355e-01    +9.8036e-01   -3.9618e-04  |      ---           ---           ---     
n=03:                                1.8728e+01    -1.8957e+01   +9.1927e-05  |      ---           ---           ---     
n=04:                                5.6439e+03    +1.8718e+03   -1.0893e-04  |      ---           ---           ---     
n=05:                                2.5384e+05    -6.3161e+04   +4.4106e-05  |      ---           ---           ---     
n=06:                                3.6863e+07    -1.1515e+07   +9.6494e-05  |      ---           ---           ---     
