--- multipoles on reference trajectory (rz > 0) ---
effective_length:                   631.5532419048803 mm
perpendicular_grid:                 65 points in [-12.000000,+12.000000] mm
max_fitting_error_normal            0.106/6283.673 G/G
max_fitting_error_skew              332.280/332.280 G/G
r0_for_relative_multipoles          17.5 mm
main_monomial                       n = 0, skew:False
                                       Nn(s=0)      Integ_Nn     Nn/N0(@r0)   |    Sn(s=0)      Integ_Sn     Sn/S0(@r0)  
<multipole_order n>                    [T/m^n]      [T.m/m^n]        []       |    [T/m^n]      [T.m/m^n]        []      
n=00:                                5.3880e-01    -3.4028e-01   +1.0000e+00  |      ---           ---           ---     
n=01:                                7.3450e+00    +4.5432e+00   -2.3365e-01  |      ---           ---           ---     
n=02:                                6.8751e-02    +7.1806e-01   -6.4624e-04  |      ---           ---           ---     
n=03:                                1.9860e+01    -3.6342e+01   +5.7237e-04  |      ---           ---           ---     
n=04:                                1.4567e+04    -1.3712e+02   +3.7794e-05  |      ---           ---           ---     
n=05:                                3.8718e+05    -4.4630e+04   +2.1526e-04  |      ---           ---           ---     
n=06:                                6.3259e+07    -1.2338e+06   +1.0414e-04  |      ---           ---           ---     
