--- multipoles on reference trajectory (rz > 0) ---
effective_length:                   630.9849229535521 mm
perpendicular_grid:                 65 points in [-12.000000,+12.000000] mm
max_fitting_error_normal            0.118/6618.548 G/G
max_fitting_error_skew              352.815/352.815 G/G
r0_for_relative_multipoles          12 mm
main_monomial                       n = 0, skew:False
                                       Nn(s=0)      Integ_Nn     Nn/N0(@r0)   |    Sn(s=0)      Integ_Sn     Sn/S0(@r0)  
<multipole_order n>                    [T/m^n]      [T.m/m^n]        []       |    [T/m^n]      [T.m/m^n]        []      
n=00:                                5.6518e-01    -3.5662e-01   +1.0000e+00  |      ---           ---           ---     
n=01:                                7.7426e+00    +4.7836e+00   -1.6096e-01  |      ---           ---           ---     
n=02:                                3.6159e-02    +1.0676e+00   -4.3110e-04  |      ---           ---           ---     
n=03:                                2.3417e+01    -2.4922e+01   +1.2076e-04  |      ---           ---           ---     
n=04:                                4.7947e+02    -5.0904e+02   +2.9599e-05  |      ---           ---           ---     
n=05:                                3.1115e+04    -5.1303e+04   +3.5797e-05  |      ---           ---           ---     
n=06:                                1.6383e+07    -1.2165e+06   +1.0186e-05  |      ---           ---           ---     
