--- multipoles on reference trajectory (rz > 0) ---
effective_length:                   631.3143184700976 mm
perpendicular_grid:                 65 points in [-12.000000,+12.000000] mm
max_fitting_error_normal            0.084/6915.507 G/G
max_fitting_error_skew              376.722/376.722 G/G
r0_for_relative_multipoles          12 mm
main_monomial                       n = 0, skew:False
                                       Nn(s=0)      Integ_Nn     Nn/N0(@r0)   |    Sn(s=0)      Integ_Sn     Sn/S0(@r0)  
<multipole_order n>                    [T/m^n]      [T.m/m^n]        []       |    [T/m^n]      [T.m/m^n]        []      
n=00:                                5.9235e-01    -3.7396e-01   +1.0000e+00  |      ---           ---           ---     
n=01:                                8.1174e+00    +5.0108e+00   -1.6079e-01  |      ---           ---           ---     
n=02:                                6.7419e-01    +1.3599e+00   -5.2366e-04  |      ---           ---           ---     
n=03:                                1.3277e+02    -3.9027e+01   +1.8034e-04  |      ---           ---           ---     
n=04:                                1.1365e+04    -3.7170e+03   +2.0611e-04  |      ---           ---           ---     
n=05:                                5.6917e+05    +1.5099e+04   -1.0047e-05  |      ---           ---           ---     
n=06:                                3.2295e+07    +1.2773e+07   -1.0199e-04  |      ---           ---           ---     
