--- multipoles on reference trajectory (rz > 0) ---
effective_length:                   630.6412778504597 mm
perpendicular_grid:                 65 points in [-12.000000,+12.000000] mm
max_fitting_error_normal            0.084/4521.651 G/G
max_fitting_error_skew              331.136/331.136 G/G
r0_for_relative_multipoles          12 mm
main_monomial                       n = 0, skew:False
                                       Nn(s=0)      Integ_Nn     Nn/N0(@r0)   |    Sn(s=0)      Integ_Sn     Sn/S0(@r0)  
<multipole_order n>                    [T/m^n]      [T.m/m^n]        []       |    [T/m^n]      [T.m/m^n]        []      
n=00:                                5.3831e-01    -3.3948e-01   +1.0000e+00  |      ---           ---           ---     
n=01:                                7.3454e+00    +4.5404e+00   -1.6050e-01  |      ---           ---           ---     
n=02:                                8.7052e-01    +7.5634e-01   -3.2083e-04  |      ---           ---           ---     
n=03:                                6.1484e+01    -3.5233e+01   +1.7934e-04  |      ---           ---           ---     
n=04:                                6.2674e+03    +2.0444e+03   -1.2488e-04  |      ---           ---           ---     
n=05:                                4.9744e+05    -7.1200e+03   +5.2188e-06  |      ---           ---           ---     
n=06:                                2.4308e+07    -1.0697e+07   +9.4087e-05  |      ---           ---           ---     
