--- multipoles on reference trajectory (rz > 0) ---
effective_length:                   632.8102880364968 mm
perpendicular_grid:                 65 points in [-12.000000,+12.000000] mm
max_fitting_error_normal            0.063/6301.069 G/G
max_fitting_error_skew              345.149/345.149 G/G
r0_for_relative_multipoles          12 mm
main_monomial                       n = 0, skew:False
                                       Nn(s=0)      Integ_Nn     Nn/N0(@r0)   |    Sn(s=0)      Integ_Sn     Sn/S0(@r0)  
<multipole_order n>                    [T/m^n]      [T.m/m^n]        []       |    [T/m^n]      [T.m/m^n]        []      
n=00:                                5.3847e-01    -3.4075e-01   +1.0000e+00  |      ---           ---           ---     
n=01:                                7.3632e+00    +4.5611e+00   -1.6062e-01  |      ---           ---           ---     
n=02:                                2.1472e-01    +1.2012e+00   -5.0761e-04  |      ---           ---           ---     
n=03:                                2.6019e+01    -3.8316e+01   +1.9431e-04  |      ---           ---           ---     
n=04:                                1.5273e+03    -1.5370e+03   +9.3535e-05  |      ---           ---           ---     
n=05:                                4.1668e+04    -7.0190e+03   +5.1257e-06  |      ---           ---           ---     
n=06:                                1.2719e+07    +3.0619e+06   -2.6831e-05  |      ---           ---           ---     
