--- multipoles on reference trajectory (rz > 0) ---
effective_length:                   631.1531855259025 mm
perpendicular_grid:                 65 points in [-12.000000,+12.000000] mm
max_fitting_error_normal            0.061/6585.766 G/G
max_fitting_error_skew              346.465/346.465 G/G
r0_for_relative_multipoles          12 mm
main_monomial                       n = 0, skew:False
                                       Nn(s=0)      Integ_Nn     Nn/N0(@r0)   |    Sn(s=0)      Integ_Sn     Sn/S0(@r0)  
<multipole_order n>                    [T/m^n]      [T.m/m^n]        []       |    [T/m^n]      [T.m/m^n]        []      
n=00:                                5.6459e-01    -3.5634e-01   +1.0000e+00  |      ---           ---           ---     
n=01:                                7.7346e+00    +4.7786e+00   -1.6092e-01  |      ---           ---           ---     
n=02:                                2.4987e-01    +9.9527e-01   -4.0219e-04  |      ---           ---           ---     
n=03:                                2.6105e+01    -2.4793e+01   +1.2023e-04  |      ---           ---           ---     
n=04:                                1.5258e+03    -7.8505e+02   +4.5683e-05  |      ---           ---           ---     
n=05:                                3.9385e+04    -7.6685e+04   +5.3549e-05  |      ---           ---           ---     
n=06:                                3.7765e+06    +1.8466e+06   -1.5473e-05  |      ---           ---           ---     
