--- multipoles on reference trajectory (rz > 0) ---
effective_length:                   629.7326698748581 mm
perpendicular_grid:                 65 points in [-12.000000,+12.000000] mm
max_fitting_error_normal            0.081/5570.527 G/G
max_fitting_error_skew              341.354/341.354 G/G
r0_for_relative_multipoles          12 mm
main_monomial                       n = 0, skew:False
                                       Nn(s=0)      Integ_Nn     Nn/N0(@r0)   |    Sn(s=0)      Integ_Sn     Sn/S0(@r0)  
<multipole_order n>                    [T/m^n]      [T.m/m^n]        []       |    [T/m^n]      [T.m/m^n]        []      
n=00:                                5.3687e-01    -3.3808e-01   +1.0000e+00  |      ---           ---           ---     
n=01:                                7.3585e+00    +4.5378e+00   -1.6107e-01  |      ---           ---           ---     
n=02:                                3.0101e-01    +8.0173e-01   -3.4148e-04  |      ---           ---           ---     
n=03:                                1.7414e+00    -3.1438e+01   +1.6068e-04  |      ---           ---           ---     
n=04:                                2.4027e+03    +2.6737e+03   -1.6399e-04  |      ---           ---           ---     
n=05:                                1.1654e+05    -9.9240e+03   +7.3042e-06  |      ---           ---           ---     
n=06:                                1.1845e+07    -1.1733e+07   +1.0362e-04  |      ---           ---           ---     
