--- multipoles on reference trajectory (rz > 0) ---
effective_length:                   630.5188981398785 mm
perpendicular_grid:                 65 points in [-12.000000,+12.000000] mm
max_fitting_error_normal            0.092/4521.139 G/G
max_fitting_error_skew              340.273/340.273 G/G
r0_for_relative_multipoles          17.5 mm
main_monomial                       n = 0, skew:False
                                       Nn(s=0)      Integ_Nn     Nn/N0(@r0)   |    Sn(s=0)      Integ_Sn     Sn/S0(@r0)  
<multipole_order n>                    [T/m^n]      [T.m/m^n]        []       |    [T/m^n]      [T.m/m^n]        []      
n=00:                                5.3825e-01    -3.3938e-01   +1.0000e+00  |      ---           ---           ---     
n=01:                                7.3458e+00    +4.5356e+00   -2.3388e-01  |      ---           ---           ---     
n=02:                                1.2018e-01    +7.9593e-01   -7.1823e-04  |      ---           ---           ---     
n=03:                                4.2601e+01    -6.2423e+00   +9.8577e-05  |      ---           ---           ---     
n=04:                                2.6135e+03    +1.5279e+03   -4.2225e-04  |      ---           ---           ---     
n=05:                                3.5022e+05    -1.3055e+05   +6.3138e-04  |      ---           ---           ---     
n=06:                                2.6021e+07    -1.0033e+07   +8.4916e-04  |      ---           ---           ---     
