--- multipoles on reference trajectory (rz > 0) ---
effective_length:                   631.7331387466871 mm
perpendicular_grid:                 65 points in [-12.000000,+12.000000] mm
max_fitting_error_normal            0.122/6916.352 G/G
max_fitting_error_skew              381.841/381.841 G/G
r0_for_relative_multipoles          12 mm
main_monomial                       n = 0, skew:False
                                       Nn(s=0)      Integ_Nn     Nn/N0(@r0)   |    Sn(s=0)      Integ_Sn     Sn/S0(@r0)  
<multipole_order n>                    [T/m^n]      [T.m/m^n]        []       |    [T/m^n]      [T.m/m^n]        []      
n=00:                                5.9235e-01    -3.7421e-01   +1.0000e+00  |      ---           ---           ---     
n=01:                                8.1080e+00    +5.0140e+00   -1.6079e-01  |      ---           ---           ---     
n=02:                                6.5317e-02    +1.0948e+00   -4.2128e-04  |      ---           ---           ---     
n=03:                                2.9260e+01    -2.6673e+01   +1.2317e-04  |      ---           ---           ---     
n=04:                                6.8276e+03    -1.4394e+03   +7.9764e-05  |      ---           ---           ---     
n=05:                                1.7268e+04    -5.5979e+04   +3.7224e-05  |      ---           ---           ---     
n=06:                                1.8173e+07    +3.3224e+06   -2.6511e-05  |      ---           ---           ---     
