--- multipoles on reference trajectory (rz > 0) ---
effective_length:                   632.8400969048654 mm
perpendicular_grid:                 65 points in [-12.000000,+12.000000] mm
max_fitting_error_normal            0.114/6612.926 G/G
max_fitting_error_skew              359.453/359.453 G/G
r0_for_relative_multipoles          17.5 mm
main_monomial                       n = 0, skew:False
                                       Nn(s=0)      Integ_Nn     Nn/N0(@r0)   |    Sn(s=0)      Integ_Sn     Sn/S0(@r0)  
<multipole_order n>                    [T/m^n]      [T.m/m^n]        []       |    [T/m^n]      [T.m/m^n]        []      
n=00:                                5.6623e-01    -3.5833e-01   +1.0000e+00  |      ---           ---           ---     
n=01:                                7.7312e+00    +4.7854e+00   -2.3370e-01  |      ---           ---           ---     
n=02:                                3.3789e-01    +9.5505e-01   -8.1624e-04  |      ---           ---           ---     
n=03:                                1.6036e+01    -3.9244e+01   +5.8694e-04  |      ---           ---           ---     
n=04:                                3.2548e+03    +1.2051e+03   -3.1541e-04  |      ---           ---           ---     
n=05:                                2.6648e+05    +1.7974e+02   -8.2326e-07  |      ---           ---           ---     
n=06:                                1.1175e+07    -6.7573e+06   +5.4164e-04  |      ---           ---           ---     
