--- multipoles on reference trajectory (rz > 0) ---
effective_length:                   630.3570267652143 mm
perpendicular_grid:                 65 points in [-12.000000,+12.000000] mm
max_fitting_error_normal            0.095/4722.501 G/G
max_fitting_error_skew              349.685/349.685 G/G
r0_for_relative_multipoles          12 mm
main_monomial                       n = 0, skew:False
                                       Nn(s=0)      Integ_Nn     Nn/N0(@r0)   |    Sn(s=0)      Integ_Sn     Sn/S0(@r0)  
<multipole_order n>                    [T/m^n]      [T.m/m^n]        []       |    [T/m^n]      [T.m/m^n]        []      
n=00:                                5.6496e-01    -3.5613e-01   +1.0000e+00  |      ---           ---           ---     
n=01:                                7.7386e+00    +4.7758e+00   -1.6092e-01  |      ---           ---           ---     
n=02:                                1.1722e+00    +9.2027e-01   -3.7211e-04  |      ---           ---           ---     
n=03:                                2.6728e+01    -4.2224e+01   +2.0488e-04  |      ---           ---           ---     
n=04:                                1.4950e+04    +3.2155e+03   -1.8723e-04  |      ---           ---           ---     
n=05:                                9.6979e+04    +2.2699e+04   -1.5860e-05  |      ---           ---           ---     
n=06:                                7.0178e+07    -1.7949e+07   +1.5049e-04  |      ---           ---           ---     
