--- multipoles on reference trajectory (rz > 0) ---
effective_length:                   630.8188443778098 mm
perpendicular_grid:                 65 points in [-12.000000,+12.000000] mm
max_fitting_error_normal            0.080/6945.487 G/G
max_fitting_error_skew              367.401/367.401 G/G
r0_for_relative_multipoles          17.5 mm
main_monomial                       n = 0, skew:False
                                       Nn(s=0)      Integ_Nn     Nn/N0(@r0)   |    Sn(s=0)      Integ_Sn     Sn/S0(@r0)  
<multipole_order n>                    [T/m^n]      [T.m/m^n]        []       |    [T/m^n]      [T.m/m^n]        []      
n=00:                                5.9460e-01    -3.7508e-01   +1.0000e+00  |      ---           ---           ---     
n=01:                                8.1209e+00    +5.0138e+00   -2.3392e-01  |      ---           ---           ---     
n=02:                                2.2449e-02    +1.2183e+00   -9.9474e-04  |      ---           ---           ---     
n=03:                                2.6805e+01    -2.7153e+01   +3.8798e-04  |      ---           ---           ---     
n=04:                                3.9143e+03    -1.6959e+03   +4.2407e-04  |      ---           ---           ---     
n=05:                                4.3962e+04    -6.6820e+04   +2.9239e-04  |      ---           ---           ---     
n=06:                                9.5690e+06    +5.6422e+06   -4.3207e-04  |      ---           ---           ---     
