--- multipoles on reference trajectory (rz > 0) ---
effective_length:                   631.2408791042772 mm
perpendicular_grid:                 65 points in [-12.000000,+12.000000] mm
max_fitting_error_normal            0.094/6269.106 G/G
max_fitting_error_skew              339.178/339.178 G/G
r0_for_relative_multipoles          12 mm
main_monomial                       n = 0, skew:False
                                       Nn(s=0)      Integ_Nn     Nn/N0(@r0)   |    Sn(s=0)      Integ_Sn     Sn/S0(@r0)  
<multipole_order n>                    [T/m^n]      [T.m/m^n]        []       |    [T/m^n]      [T.m/m^n]        []      
n=00:                                5.3851e-01    -3.3993e-01   +1.0000e+00  |      ---           ---           ---     
n=01:                                7.3526e+00    +4.5448e+00   -1.6044e-01  |      ---           ---           ---     
n=02:                                5.6271e-02    +9.7581e-01   -4.1337e-04  |      ---           ---           ---     
n=03:                                3.5729e+00    -2.8144e+01   +1.4307e-04  |      ---           ---           ---     
n=04:                                2.8416e+03    +1.5146e+03   -9.2394e-05  |      ---           ---           ---     
n=05:                                1.2341e+05    -1.3030e+04   +9.5383e-06  |      ---           ---           ---     
n=06:                                2.6257e+07    -9.7894e+06   +8.5992e-05  |      ---           ---           ---     
