--- multipoles on reference trajectory (rz > 0) ---
effective_length:                   630.0341444998966 mm
perpendicular_grid:                 65 points in [-12.000000,+12.000000] mm
max_fitting_error_normal            0.066/4730.746 G/G
max_fitting_error_skew              349.886/349.886 G/G
r0_for_relative_multipoles          12 mm
main_monomial                       n = 0, skew:False
                                       Nn(s=0)      Integ_Nn     Nn/N0(@r0)   |    Sn(s=0)      Integ_Sn     Sn/S0(@r0)  
<multipole_order n>                    [T/m^n]      [T.m/m^n]        []       |    [T/m^n]      [T.m/m^n]        []      
n=00:                                5.6480e-01    -3.5584e-01   +1.0000e+00  |      ---           ---           ---     
n=01:                                7.7381e+00    +4.7746e+00   -1.6101e-01  |      ---           ---           ---     
n=02:                                4.2548e-01    +1.0072e+00   -4.0757e-04  |      ---           ---           ---     
n=03:                                1.8135e+01    -4.2901e+01   +2.0833e-04  |      ---           ---           ---     
n=04:                                3.8873e+03    +1.6228e+03   -9.4564e-05  |      ---           ---           ---     
n=05:                                1.6064e+05    -8.4461e+02   +5.9062e-07  |      ---           ---           ---     
n=06:                                1.8103e+07    -7.8596e+06   +6.5952e-05  |      ---           ---           ---     
