--- multipoles on reference trajectory (rz > 0) ---
effective_length:                   630.7159414833308 mm
perpendicular_grid:                 65 points in [-12.000000,+12.000000] mm
max_fitting_error_normal            0.077/4488.025 G/G
max_fitting_error_skew              333.141/333.141 G/G
r0_for_relative_multipoles          12 mm
main_monomial                       n = 0, skew:False
                                       Nn(s=0)      Integ_Nn     Nn/N0(@r0)   |    Sn(s=0)      Integ_Sn     Sn/S0(@r0)  
<multipole_order n>                    [T/m^n]      [T.m/m^n]        []       |    [T/m^n]      [T.m/m^n]        []      
n=00:                                5.3704e-01    -3.3872e-01   +1.0000e+00  |      ---           ---           ---     
n=01:                                7.3589e+00    +4.5473e+00   -1.6110e-01  |      ---           ---           ---     
n=02:                                1.0096e-01    +1.0872e+00   -4.6220e-04  |      ---           ---           ---     
n=03:                                4.4343e+00    -3.2947e+01   +1.6808e-04  |      ---           ---           ---     
n=04:                                2.1661e+03    +4.3226e+02   -2.6463e-05  |      ---           ---           ---     
n=05:                                1.7597e+05    -1.5274e+04   +1.1221e-05  |      ---           ---           ---     
n=06:                                2.0108e+07    -4.3544e+06   +3.8387e-05  |      ---           ---           ---     
