--- multipoles on reference trajectory (rz > 0) ---
effective_length:                   631.1871128214594 mm
perpendicular_grid:                 65 points in [-12.000000,+12.000000] mm
max_fitting_error_normal            0.066/6294.170 G/G
max_fitting_error_skew              334.975/334.975 G/G
r0_for_relative_multipoles          12 mm
main_monomial                       n = 0, skew:False
                                       Nn(s=0)      Integ_Nn     Nn/N0(@r0)   |    Sn(s=0)      Integ_Sn     Sn/S0(@r0)  
<multipole_order n>                    [T/m^n]      [T.m/m^n]        []       |    [T/m^n]      [T.m/m^n]        []      
n=00:                                5.3707e-01    -3.3899e-01   +1.0000e+00  |      ---           ---           ---     
n=01:                                7.3553e+00    +4.5496e+00   -1.6105e-01  |      ---           ---           ---     
n=02:                                1.2946e+00    +5.8317e-01   -2.4772e-04  |      ---           ---           ---     
n=03:                                6.3816e+01    -2.4375e+01   +1.2425e-04  |      ---           ---           ---     
n=04:                                1.0092e+04    +2.2148e+03   -1.3548e-04  |      ---           ---           ---     
n=05:                                4.2987e+05    -5.5827e+04   +4.0978e-05  |      ---           ---           ---     
n=06:                                3.2280e+07    -8.2272e+06   +7.2468e-05  |      ---           ---           ---     
