--- multipoles on reference trajectory (rz > 0) ---
effective_length:                   631.4178117873845 mm
perpendicular_grid:                 65 points in [-12.000000,+12.000000] mm
max_fitting_error_normal            0.100/6600.613 G/G
max_fitting_error_skew              346.528/346.528 G/G
r0_for_relative_multipoles          12 mm
main_monomial                       n = 0, skew:False
                                       Nn(s=0)      Integ_Nn     Nn/N0(@r0)   |    Sn(s=0)      Integ_Sn     Sn/S0(@r0)  
<multipole_order n>                    [T/m^n]      [T.m/m^n]        []       |    [T/m^n]      [T.m/m^n]        []      
n=00:                                5.6497e-01    -3.5673e-01   +1.0000e+00  |      ---           ---           ---     
n=01:                                7.7391e+00    +4.7874e+00   -1.6104e-01  |      ---           ---           ---     
n=02:                                2.0522e-01    +1.0316e+00   -4.1641e-04  |      ---           ---           ---     
n=03:                                2.7312e+01    -1.8026e+01   +8.7318e-05  |      ---           ---           ---     
n=04:                                4.2646e+01    -9.8229e+02   +5.7098e-05  |      ---           ---           ---     
n=05:                                3.5934e+05    -1.0300e+05   +7.1844e-05  |      ---           ---           ---     
n=06:                                5.2860e+06    +2.1890e+06   -1.8323e-05  |      ---           ---           ---     
