--- multipoles on reference trajectory (rz > 0) ---
effective_length:                   629.9104982412036 mm
perpendicular_grid:                 65 points in [-12.000000,+12.000000] mm
max_fitting_error_normal            0.052/6253.516 G/G
max_fitting_error_skew              334.188/334.188 G/G
r0_for_relative_multipoles          12 mm
main_monomial                       n = 0, skew:False
                                       Nn(s=0)      Integ_Nn     Nn/N0(@r0)   |    Sn(s=0)      Integ_Sn     Sn/S0(@r0)  
<multipole_order n>                    [T/m^n]      [T.m/m^n]        []       |    [T/m^n]      [T.m/m^n]        []      
n=00:                                5.3699e-01    -3.3826e-01   +1.0000e+00  |      ---           ---           ---     
n=01:                                7.3628e+00    +4.5377e+00   -1.6098e-01  |      ---           ---           ---     
n=02:                                7.1994e-02    +8.1190e-01   -3.4564e-04  |      ---           ---           ---     
n=03:                                4.7668e+00    -4.1331e+01   +2.1114e-04  |      ---           ---           ---     
n=04:                                5.8966e+03    -3.7182e+02   +2.2794e-05  |      ---           ---           ---     
n=05:                                2.7250e+05    -2.6765e+03   +1.9689e-06  |      ---           ---           ---     
n=06:                                2.4357e+07    +6.1811e+05   -5.4564e-06  |      ---           ---           ---     
