--- multipoles on reference trajectory (rz > 0) ---
effective_length:                   630.8824812248469 mm
perpendicular_grid:                 65 points in [-12.000000,+12.000000] mm
max_fitting_error_normal            0.136/5502.175 G/G
max_fitting_error_skew              360.653/360.653 G/G
r0_for_relative_multipoles          12 mm
main_monomial                       n = 0, skew:False
                                       Nn(s=0)      Integ_Nn     Nn/N0(@r0)   |    Sn(s=0)      Integ_Sn     Sn/S0(@r0)  
<multipole_order n>                    [T/m^n]      [T.m/m^n]        []       |    [T/m^n]      [T.m/m^n]        []      
n=00:                                5.6466e-01    -3.5623e-01   +1.0000e+00  |      ---           ---           ---     
n=01:                                7.7333e+00    +4.7766e+00   -1.6090e-01  |      ---           ---           ---     
n=02:                                6.7914e-01    +1.0072e+00   -4.0714e-04  |      ---           ---           ---     
n=03:                                6.8191e+01    -4.5905e+01   +2.2267e-04  |      ---           ---           ---     
n=04:                                1.3953e+03    -1.4755e+03   +8.5889e-05  |      ---           ---           ---     
n=05:                                7.9421e+04    +1.3436e+04   -9.3849e-06  |      ---           ---           ---     
n=06:                                1.7030e+07    +1.8110e+06   -1.5180e-05  |      ---           ---           ---     
