--- multipoles on reference trajectory (rz > 0) ---
effective_length:                   631.4726759362424 mm
perpendicular_grid:                 65 points in [-12.000000,+12.000000] mm
max_fitting_error_normal            0.083/6584.556 G/G
max_fitting_error_skew              354.297/354.297 G/G
r0_for_relative_multipoles          12 mm
main_monomial                       n = 0, skew:False
                                       Nn(s=0)      Integ_Nn     Nn/N0(@r0)   |    Sn(s=0)      Integ_Sn     Sn/S0(@r0)  
<multipole_order n>                    [T/m^n]      [T.m/m^n]        []       |    [T/m^n]      [T.m/m^n]        []      
n=00:                                5.6508e-01    -3.5683e-01   +1.0000e+00  |      ---           ---           ---     
n=01:                                7.7427e+00    +4.7885e+00   -1.6103e-01  |      ---           ---           ---     
n=02:                                3.6992e-02    +1.1397e+00   -4.5994e-04  |      ---           ---           ---     
n=03:                                2.3736e+01    -2.3781e+01   +1.1516e-04  |      ---           ---           ---     
n=04:                                4.7727e+02    -4.7057e+02   +2.7345e-05  |      ---           ---           ---     
n=05:                                2.9758e+04    -5.7675e+04   +4.0219e-05  |      ---           ---           ---     
n=06:                                1.6381e+07    -1.4319e+06   +1.1982e-05  |      ---           ---           ---     
