--- multipoles on reference trajectory (rz > 0) ---
effective_length:                   631.540591470807 mm
perpendicular_grid:                 65 points in [-12.000000,+12.000000] mm
max_fitting_error_normal            0.124/4747.260 G/G
max_fitting_error_skew              348.026/348.026 G/G
r0_for_relative_multipoles          12 mm
main_monomial                       n = 0, skew:False
                                       Nn(s=0)      Integ_Nn     Nn/N0(@r0)   |    Sn(s=0)      Integ_Sn     Sn/S0(@r0)  
<multipole_order n>                    [T/m^n]      [T.m/m^n]        []       |    [T/m^n]      [T.m/m^n]        []      
n=00:                                5.6462e-01    -3.5658e-01   +1.0000e+00  |      ---           ---           ---     
n=01:                                7.7336e+00    +4.7811e+00   -1.6090e-01  |      ---           ---           ---     
n=02:                                7.0170e-01    +6.2864e-01   -2.5387e-04  |      ---           ---           ---     
n=03:                                2.6533e+01    -4.2799e+01   +2.0740e-04  |      ---           ---           ---     
n=04:                                1.9604e+03    -3.2962e+02   +1.9168e-05  |      ---           ---           ---     
n=05:                                9.4424e+04    -1.3390e+04   +9.3440e-06  |      ---           ---           ---     
n=06:                                6.6744e+04    -9.1614e+05   +7.6717e-06  |      ---           ---           ---     
