--- multipoles on reference trajectory (rz > 0) ---
effective_length:                   631.134343552433 mm
perpendicular_grid:                 65 points in [-12.000000,+12.000000] mm
max_fitting_error_normal            0.089/6921.315 G/G
max_fitting_error_skew              366.508/366.508 G/G
r0_for_relative_multipoles          12 mm
main_monomial                       n = 0, skew:False
                                       Nn(s=0)      Integ_Nn     Nn/N0(@r0)   |    Sn(s=0)      Integ_Sn     Sn/S0(@r0)  
<multipole_order n>                    [T/m^n]      [T.m/m^n]        []       |    [T/m^n]      [T.m/m^n]        []      
n=00:                                5.9460e-01    -3.7527e-01   +1.0000e+00  |      ---           ---           ---     
n=01:                                8.1112e+00    +5.0101e+00   -1.6021e-01  |      ---           ---           ---     
n=02:                                3.1879e-02    +1.1522e+00   -4.4211e-04  |      ---           ---           ---     
n=03:                                1.3198e+01    -2.5030e+01   +1.1525e-04  |      ---           ---           ---     
n=04:                                6.6229e+03    -1.1523e+03   +6.3671e-05  |      ---           ---           ---     
n=05:                                3.7898e+05    -9.9855e+04   +6.6211e-05  |      ---           ---           ---     
n=06:                                1.5784e+07    +7.4927e+04   -5.9618e-07  |      ---           ---           ---     
