--- multipoles on reference trajectory (rz > 0) ---
effective_length:                   629.8345568965881 mm
perpendicular_grid:                 65 points in [-12.000000,+12.000000] mm
max_fitting_error_normal            0.124/6131.004 G/G
max_fitting_error_skew              382.204/382.204 G/G
r0_for_relative_multipoles          12 mm
main_monomial                       n = 0, skew:False
                                       Nn(s=0)      Integ_Nn     Nn/N0(@r0)   |    Sn(s=0)      Integ_Sn     Sn/S0(@r0)  
<multipole_order n>                    [T/m^n]      [T.m/m^n]        []       |    [T/m^n]      [T.m/m^n]        []      
n=00:                                5.9235e-01    -3.7308e-01   +1.0000e+00  |      ---           ---           ---     
n=01:                                8.1080e+00    +4.9970e+00   -1.6073e-01  |      ---           ---           ---     
n=02:                                6.5317e-02    +1.0251e+00   -3.9566e-04  |      ---           ---           ---     
n=03:                                2.9260e+01    -2.0684e+01   +9.5804e-05  |      ---           ---           ---     
n=04:                                6.8276e+03    -1.4331e+03   +7.9653e-05  |      ---           ---           ---     
n=05:                                1.7268e+04    -1.0110e+05   +6.7431e-05  |      ---           ---           ---     
n=06:                                1.8173e+07    +3.5853e+06   -2.8695e-05  |      ---           ---           ---     
