--- multipoles on reference trajectory (rz > 0) ---
effective_length:                   630.982805456153 mm
perpendicular_grid:                 65 points in [-12.000000,+12.000000] mm
max_fitting_error_normal            0.075/5835.671 G/G
max_fitting_error_skew              345.805/345.805 G/G
r0_for_relative_multipoles          12 mm
main_monomial                       n = 0, skew:False
                                       Nn(s=0)      Integ_Nn     Nn/N0(@r0)   |    Sn(s=0)      Integ_Sn     Sn/S0(@r0)  
<multipole_order n>                    [T/m^n]      [T.m/m^n]        []       |    [T/m^n]      [T.m/m^n]        []      
n=00:                                5.6509e-01    -3.5656e-01   +1.0000e+00  |      ---           ---           ---     
n=01:                                7.7439e+00    +4.7853e+00   -1.6105e-01  |      ---           ---           ---     
n=02:                                1.3114e-01    +1.2117e+00   -4.8936e-04  |      ---           ---           ---     
n=03:                                5.6356e+01    -2.8394e+01   +1.3761e-04  |      ---           ---           ---     
n=04:                                2.9816e+02    -2.8981e+03   +1.6854e-04  |      ---           ---           ---     
n=05:                                6.7958e+04    -2.4280e+04   +1.6945e-05  |      ---           ---           ---     
n=06:                                3.0012e+06    +1.0193e+07   -8.5357e-05  |      ---           ---           ---     
