--- multipoles on reference trajectory (rz > 0) ---
effective_length:                   630.3238561706112 mm
perpendicular_grid:                 65 points in [-12.000000,+12.000000] mm
max_fitting_error_normal            0.081/4771.765 G/G
max_fitting_error_skew              362.233/362.233 G/G
r0_for_relative_multipoles          12 mm
main_monomial                       n = 0, skew:False
                                       Nn(s=0)      Integ_Nn     Nn/N0(@r0)   |    Sn(s=0)      Integ_Sn     Sn/S0(@r0)  
<multipole_order n>                    [T/m^n]      [T.m/m^n]        []       |    [T/m^n]      [T.m/m^n]        []      
n=00:                                5.6658e-01    -3.5713e-01   +1.0000e+00  |      ---           ---           ---     
n=01:                                7.7365e+00    +4.7735e+00   -1.6040e-01  |      ---           ---           ---     
n=02:                                2.0794e-01    +8.7157e-01   -3.5143e-04  |      ---           ---           ---     
n=03:                                3.8925e+01    -1.7441e+01   +8.4390e-05  |      ---           ---           ---     
n=04:                                6.4921e+03    +1.8992e+03   -1.1027e-04  |      ---           ---           ---     
n=05:                                2.9568e+05    -9.8540e+04   +6.8659e-05  |      ---           ---           ---     
n=06:                                2.4162e+07    -8.6027e+06   +7.1928e-05  |      ---           ---           ---     
