--- multipoles on reference trajectory (rz > 0) ---
effective_length:                   631.4199157104701 mm
perpendicular_grid:                 65 points in [-12.000000,+12.000000] mm
max_fitting_error_normal            0.089/6607.543 G/G
max_fitting_error_skew              348.802/348.802 G/G
r0_for_relative_multipoles          12 mm
main_monomial                       n = 0, skew:False
                                       Nn(s=0)      Integ_Nn     Nn/N0(@r0)   |    Sn(s=0)      Integ_Sn     Sn/S0(@r0)  
<multipole_order n>                    [T/m^n]      [T.m/m^n]        []       |    [T/m^n]      [T.m/m^n]        []      
n=00:                                5.6506e-01    -3.5679e-01   +1.0000e+00  |      ---           ---           ---     
n=01:                                7.7257e+00    +4.7765e+00   -1.6065e-01  |      ---           ---           ---     
n=02:                                1.0192e+00    +7.1546e-01   -2.8876e-04  |      ---           ---           ---     
n=03:                                3.0534e+01    -3.5601e+01   +1.7242e-04  |      ---           ---           ---     
n=04:                                7.4862e+03    +1.4305e+03   -8.3140e-05  |      ---           ---           ---     
n=05:                                1.0085e+05    -3.4270e+04   +2.3901e-05  |      ---           ---           ---     
n=06:                                4.3901e+07    -1.1336e+07   +9.4874e-05  |      ---           ---           ---     
