--- multipoles on reference trajectory (rz > 0) ---
effective_length:                   630.3396234538154 mm
perpendicular_grid:                 65 points in [-12.000000,+12.000000] mm
max_fitting_error_normal            0.065/6948.368 G/G
max_fitting_error_skew              368.331/368.331 G/G
r0_for_relative_multipoles          12 mm
main_monomial                       n = 0, skew:False
                                       Nn(s=0)      Integ_Nn     Nn/N0(@r0)   |    Sn(s=0)      Integ_Sn     Sn/S0(@r0)  
<multipole_order n>                    [T/m^n]      [T.m/m^n]        []       |    [T/m^n]      [T.m/m^n]        []      
n=00:                                5.9369e-01    -3.7422e-01   +1.0000e+00  |      ---           ---           ---     
n=01:                                8.1264e+00    +5.0150e+00   -1.6081e-01  |      ---           ---           ---     
n=02:                                1.0088e-01    +1.1444e+00   -4.4036e-04  |      ---           ---           ---     
n=03:                                7.9993e+00    -1.8576e+01   +8.5775e-05  |      ---           ---           ---     
n=04:                                9.1258e+02    +5.3870e+02   -2.9850e-05  |      ---           ---           ---     
n=05:                                9.0149e+04    -1.0291e+05   +6.8426e-05  |      ---           ---           ---     
n=06:                                6.7073e+06    -4.2067e+06   +3.3566e-05  |      ---           ---           ---     
