--- multipoles on reference trajectory (rz > 0) ---
effective_length:                   630.27748606752 mm
perpendicular_grid:                 65 points in [-12.000000,+12.000000] mm
max_fitting_error_normal            0.106/5244.215 G/G
max_fitting_error_skew              331.009/331.009 G/G
r0_for_relative_multipoles          12 mm
main_monomial                       n = 0, skew:False
                                       Nn(s=0)      Integ_Nn     Nn/N0(@r0)   |    Sn(s=0)      Integ_Sn     Sn/S0(@r0)  
<multipole_order n>                    [T/m^n]      [T.m/m^n]        []       |    [T/m^n]      [T.m/m^n]        []      
n=00:                                5.3702e-01    -3.3847e-01   +1.0000e+00  |      ---           ---           ---     
n=01:                                7.3592e+00    +4.5414e+00   -1.6101e-01  |      ---           ---           ---     
n=02:                                1.6989e+00    +5.5592e-01   -2.3651e-04  |      ---           ---           ---     
n=03:                                6.7876e+01    -5.1263e+01   +2.6171e-04  |      ---           ---           ---     
n=04:                                1.7523e+04    +2.7472e+03   -1.6830e-04  |      ---           ---           ---     
n=05:                                1.0966e+05    +2.3589e+04   -1.7341e-05  |      ---           ---           ---     
n=06:                                8.3448e+07    -1.5078e+07   +1.3301e-04  |      ---           ---           ---     
