--- multipoles on reference trajectory (rz > 0) ---
effective_length:                   631.4411958316732 mm
perpendicular_grid:                 65 points in [-12.000000,+12.000000] mm
max_fitting_error_normal            0.110/4759.277 G/G
max_fitting_error_skew              362.145/362.145 G/G
r0_for_relative_multipoles          12 mm
main_monomial                       n = 0, skew:False
                                       Nn(s=0)      Integ_Nn     Nn/N0(@r0)   |    Sn(s=0)      Integ_Sn     Sn/S0(@r0)  
<multipole_order n>                    [T/m^n]      [T.m/m^n]        []       |    [T/m^n]      [T.m/m^n]        []      
n=00:                                5.6675e-01    -3.5787e-01   +1.0000e+00  |      ---           ---           ---     
n=01:                                7.7411e+00    +4.7851e+00   -1.6045e-01  |      ---           ---           ---     
n=02:                                1.9733e-01    +1.1726e+00   -4.7184e-04  |      ---           ---           ---     
n=03:                                6.1025e+00    -2.5386e+01   +1.2258e-04  |      ---           ---           ---     
n=04:                                4.4295e+03    +3.4042e+02   -1.9725e-05  |      ---           ---           ---     
n=05:                                8.6598e+04    +6.2167e+02   -4.3225e-07  |      ---           ---           ---     
n=06:                                2.4049e+07    -4.9222e+06   +4.1069e-05  |      ---           ---           ---     
