--- multipoles on reference trajectory (rz > 0) ---
effective_length:                   631.8155255639537 mm
perpendicular_grid:                 65 points in [-12.000000,+12.000000] mm
max_fitting_error_normal            0.115/6306.194 G/G
max_fitting_error_skew              332.892/332.892 G/G
r0_for_relative_multipoles          12 mm
main_monomial                       n = 0, skew:False
                                       Nn(s=0)      Integ_Nn     Nn/N0(@r0)   |    Sn(s=0)      Integ_Sn     Sn/S0(@r0)  
<multipole_order n>                    [T/m^n]      [T.m/m^n]        []       |    [T/m^n]      [T.m/m^n]        []      
n=00:                                5.3815e-01    -3.4001e-01   +1.0000e+00  |      ---           ---           ---     
n=01:                                7.3494e+00    +4.5446e+00   -1.6039e-01  |      ---           ---           ---     
n=02:                                4.3527e-01    +1.2700e+00   -5.3785e-04  |      ---           ---           ---     
n=03:                                4.1316e+01    -2.8969e+01   +1.4723e-04  |      ---           ---           ---     
n=04:                                1.8266e+03    -3.4151e+03   +2.0827e-04  |      ---           ---           ---     
n=05:                                5.4446e+03    -1.1725e+04   +8.5804e-06  |      ---           ---           ---     
n=06:                                1.3592e+07    +8.9288e+06   -7.8412e-05  |      ---           ---           ---     
