--- multipoles on reference trajectory (rz > 0) ---
effective_length:                   631.4907988491711 mm
perpendicular_grid:                 65 points in [-12.000000,+12.000000] mm
max_fitting_error_normal            0.109/4741.347 G/G
max_fitting_error_skew              361.178/361.178 G/G
r0_for_relative_multipoles          12 mm
main_monomial                       n = 0, skew:False
                                       Nn(s=0)      Integ_Nn     Nn/N0(@r0)   |    Sn(s=0)      Integ_Sn     Sn/S0(@r0)  
<multipole_order n>                    [T/m^n]      [T.m/m^n]        []       |    [T/m^n]      [T.m/m^n]        []      
n=00:                                5.6495e-01    -3.5676e-01   +1.0000e+00  |      ---           ---           ---     
n=01:                                7.7410e+00    +4.7857e+00   -1.6097e-01  |      ---           ---           ---     
n=02:                                1.7812e-01    +1.1485e+00   -4.6358e-04  |      ---           ---           ---     
n=03:                                2.8600e+00    -2.5592e+01   +1.2396e-04  |      ---           ---           ---     
n=04:                                3.7599e+03    +4.9499e+02   -2.8770e-05  |      ---           ---           ---     
n=05:                                1.1367e+05    -2.4690e+03   +1.7220e-06  |      ---           ---           ---     
n=06:                                2.0816e+07    -5.8321e+06   +4.8813e-05  |      ---           ---           ---     
