--- multipoles on reference trajectory (rz > 0) ---
effective_length:                   631.8682145599903 mm
perpendicular_grid:                 65 points in [-12.000000,+12.000000] mm
max_fitting_error_normal            0.122/6288.212 G/G
max_fitting_error_skew              331.934/331.934 G/G
r0_for_relative_multipoles          12 mm
main_monomial                       n = 0, skew:False
                                       Nn(s=0)      Integ_Nn     Nn/N0(@r0)   |    Sn(s=0)      Integ_Sn     Sn/S0(@r0)  
<multipole_order n>                    [T/m^n]      [T.m/m^n]        []       |    [T/m^n]      [T.m/m^n]        []      
n=00:                                5.3635e-01    -3.3890e-01   +1.0000e+00  |      ---           ---           ---     
n=01:                                7.3492e+00    +4.5453e+00   -1.6094e-01  |      ---           ---           ---     
n=02:                                4.6398e-01    +1.2451e+00   -5.2902e-04  |      ---           ---           ---     
n=03:                                4.2388e+01    -3.2104e+01   +1.6369e-04  |      ---           ---           ---     
n=04:                                1.7700e+03    -3.3615e+03   +2.0568e-04  |      ---           ---           ---     
n=05:                                4.1541e+03    -2.6446e+02   +1.9417e-07  |      ---           ---           ---     
n=06:                                1.3295e+07    +8.5722e+06   -7.5527e-05  |      ---           ---           ---     
