--- multipoles on reference trajectory (rz > 0) ---
effective_length:                   631.7030606610447 mm
perpendicular_grid:                 65 points in [-12.000000,+12.000000] mm
max_fitting_error_normal            0.077/6878.891 G/G
max_fitting_error_skew              367.572/367.572 G/G
r0_for_relative_multipoles          12 mm
main_monomial                       n = 0, skew:False
                                       Nn(s=0)      Integ_Nn     Nn/N0(@r0)   |    Sn(s=0)      Integ_Sn     Sn/S0(@r0)  
<multipole_order n>                    [T/m^n]      [T.m/m^n]        []       |    [T/m^n]      [T.m/m^n]        []      
n=00:                                5.9241e-01    -3.7423e-01   +1.0000e+00  |      ---           ---           ---     
n=01:                                8.1139e+00    +5.0113e+00   -1.6069e-01  |      ---           ---           ---     
n=02:                                2.4070e-01    +1.0018e+00   -3.8549e-04  |      ---           ---           ---     
n=03:                                4.1273e+01    -4.6401e+01   +2.1426e-04  |      ---           ---           ---     
n=04:                                3.4159e+03    +7.2720e+02   -4.0294e-05  |      ---           ---           ---     
n=05:                                9.1385e+03    +6.2175e+02   -4.1341e-07  |      ---           ---           ---     
n=06:                                1.3889e+07    -4.7242e+06   +3.7695e-05  |      ---           ---           ---     
