--- multipoles on reference trajectory (rz > 0) ---
effective_length:                   629.7923533946155 mm
perpendicular_grid:                 65 points in [-12.000000,+12.000000] mm
max_fitting_error_normal            0.090/6902.415 G/G
max_fitting_error_skew              365.482/365.482 G/G
r0_for_relative_multipoles          12 mm
main_monomial                       n = 0, skew:False
                                       Nn(s=0)      Integ_Nn     Nn/N0(@r0)   |    Sn(s=0)      Integ_Sn     Sn/S0(@r0)  
<multipole_order n>                    [T/m^n]      [T.m/m^n]        []       |    [T/m^n]      [T.m/m^n]        []      
n=00:                                5.9271e-01    -3.7328e-01   +1.0000e+00  |      ---           ---           ---     
n=01:                                8.1112e+00    +4.9998e+00   -1.6073e-01  |      ---           ---           ---     
n=02:                                3.1104e-02    +1.1358e+00   -4.3817e-04  |      ---           ---           ---     
n=03:                                6.2585e+00    -2.6330e+01   +1.2189e-04  |      ---           ---           ---     
n=04:                                8.4387e+03    -1.4920e+03   +8.2883e-05  |      ---           ---           ---     
n=05:                                3.5184e+05    -9.7462e+04   +6.4968e-05  |      ---           ---           ---     
n=06:                                2.3913e+07    +1.3930e+06   -1.1143e-05  |      ---           ---           ---     
