--- multipoles on reference trajectory (rz > 0) ---
effective_length:                   629.7385190631613 mm
perpendicular_grid:                 65 points in [-12.000000,+12.000000] mm
max_fitting_error_normal            0.095/6285.937 G/G
max_fitting_error_skew              332.843/332.843 G/G
r0_for_relative_multipoles          12 mm
main_monomial                       n = 0, skew:False
                                       Nn(s=0)      Integ_Nn     Nn/N0(@r0)   |    Sn(s=0)      Integ_Sn     Sn/S0(@r0)  
<multipole_order n>                    [T/m^n]      [T.m/m^n]        []       |    [T/m^n]      [T.m/m^n]        []      
n=00:                                5.3701e-01    -3.3818e-01   +1.0000e+00  |      ---           ---           ---     
n=01:                                7.3604e+00    +4.5364e+00   -1.6097e-01  |      ---           ---           ---     
n=02:                                4.9554e-01    +8.0071e-01   -3.4095e-04  |      ---           ---           ---     
n=03:                                1.8083e+01    -5.5149e+01   +2.8180e-04  |      ---           ---           ---     
n=04:                                3.0302e+03    +6.9695e+02   -4.2735e-05  |      ---           ---           ---     
n=05:                                1.6037e+05    +5.7024e+04   -4.1959e-05  |      ---           ---           ---     
n=06:                                1.6386e+07    -7.1941e+06   +6.3521e-05  |      ---           ---           ---     
