--- multipoles on reference trajectory (rz > 0) ---
effective_length:                   631.128495146592 mm
perpendicular_grid:                 65 points in [-12.000000,+12.000000] mm
max_fitting_error_normal            0.095/6285.942 G/G
max_fitting_error_skew              332.842/332.842 G/G
r0_for_relative_multipoles          12 mm
main_monomial                       n = 0, skew:False
                                       Nn(s=0)      Integ_Nn     Nn/N0(@r0)   |    Sn(s=0)      Integ_Sn     Sn/S0(@r0)  
<multipole_order n>                    [T/m^n]      [T.m/m^n]        []       |    [T/m^n]      [T.m/m^n]        []      
n=00:                                5.3701e-01    -3.3892e-01   +1.0000e+00  |      ---           ---           ---     
n=01:                                7.3604e+00    +4.5463e+00   -1.6097e-01  |      ---           ---           ---     
n=02:                                4.9554e-01    +8.0627e-01   -3.4256e-04  |      ---           ---           ---     
n=03:                                1.8083e+01    -5.5291e+01   +2.8190e-04  |      ---           ---           ---     
n=04:                                3.0302e+03    +7.0994e+02   -4.3435e-05  |      ---           ---           ---     
n=05:                                1.6037e+05    +5.7122e+04   -4.1938e-05  |      ---           ---           ---     
n=06:                                1.6386e+07    -7.2531e+06   +6.3902e-05  |      ---           ---           ---     
