--- multipoles on reference trajectory (rz > 0) ---
effective_length:                   630.5839549382983 mm
perpendicular_grid:                 65 points in [-12.000000,+12.000000] mm
max_fitting_error_normal            0.099/4504.091 G/G
max_fitting_error_skew              339.346/339.346 G/G
r0_for_relative_multipoles          12 mm
main_monomial                       n = 0, skew:False
                                       Nn(s=0)      Integ_Nn     Nn/N0(@r0)   |    Sn(s=0)      Integ_Sn     Sn/S0(@r0)  
<multipole_order n>                    [T/m^n]      [T.m/m^n]        []       |    [T/m^n]      [T.m/m^n]        []      
n=00:                                5.3654e-01    -3.3833e-01   +1.0000e+00  |      ---           ---           ---     
n=01:                                7.3459e+00    +4.5360e+00   -1.6088e-01  |      ---           ---           ---     
n=02:                                5.2829e-02    +7.9539e-01   -3.3853e-04  |      ---           ---           ---     
n=03:                                3.9137e+01    -6.1949e+00   +3.1640e-05  |      ---           ---           ---     
n=04:                                1.2498e+03    +1.2824e+03   -7.8595e-05  |      ---           ---           ---     
n=05:                                3.4357e+05    -1.3482e+05   +9.9154e-05  |      ---           ---           ---     
n=06:                                2.0410e+07    -9.4977e+06   +8.3822e-05  |      ---           ---           ---     
