--- multipoles on reference trajectory (rz > 0) ---
effective_length:                   632.1096742489418 mm
perpendicular_grid:                 65 points in [-12.000000,+12.000000] mm
max_fitting_error_normal            0.075/5570.229 G/G
max_fitting_error_skew              339.689/339.689 G/G
r0_for_relative_multipoles          12 mm
main_monomial                       n = 0, skew:False
                                       Nn(s=0)      Integ_Nn     Nn/N0(@r0)   |    Sn(s=0)      Integ_Sn     Sn/S0(@r0)  
<multipole_order n>                    [T/m^n]      [T.m/m^n]        []       |    [T/m^n]      [T.m/m^n]        []      
n=00:                                5.3638e-01    -3.3905e-01   +1.0000e+00  |      ---           ---           ---     
n=01:                                7.3488e+00    +4.5493e+00   -1.6102e-01  |      ---           ---           ---     
n=02:                                2.3396e-01    +7.7992e-01   -3.3125e-04  |      ---           ---           ---     
n=03:                                3.1526e+01    -1.9608e+01   +9.9934e-05  |      ---           ---           ---     
n=04:                                4.2411e+03    -4.5985e+02   +2.8124e-05  |      ---           ---           ---     
n=05:                                4.8113e+04    -5.4070e+04   +3.9683e-05  |      ---           ---           ---     
n=06:                                1.3867e+07    +9.4533e+05   -8.3255e-06  |      ---           ---           ---     
