--- multipoles on reference trajectory (rz > 0) ---
effective_length:                   630.2664437430757 mm
perpendicular_grid:                 65 points in [-12.000000,+12.000000] mm
max_fitting_error_normal            0.073/6124.431 G/G
max_fitting_error_skew              365.719/365.719 G/G
r0_for_relative_multipoles          12 mm
main_monomial                       n = 0, skew:False
                                       Nn(s=0)      Integ_Nn     Nn/N0(@r0)   |    Sn(s=0)      Integ_Sn     Sn/S0(@r0)  
<multipole_order n>                    [T/m^n]      [T.m/m^n]        []       |    [T/m^n]      [T.m/m^n]        []      
n=00:                                5.9245e-01    -3.7340e-01   +1.0000e+00  |      ---           ---           ---     
n=01:                                8.1129e+00    +5.0066e+00   -1.6090e-01  |      ---           ---           ---     
n=02:                                3.6700e-01    +1.1015e+00   -4.2477e-04  |      ---           ---           ---     
n=03:                                6.0032e+01    -4.1378e+01   +1.9148e-04  |      ---           ---           ---     
n=04:                                3.2463e+03    +9.6234e+02   -5.3441e-05  |      ---           ---           ---     
n=05:                                8.3986e+04    -2.4477e+03   +1.6311e-06  |      ---           ---           ---     
n=06:                                2.3911e+07    -7.8572e+06   +6.2831e-05  |      ---           ---           ---     
