--- multipoles on reference trajectory (rz > 0) ---
effective_length:                   629.9382122372137 mm
perpendicular_grid:                 65 points in [-12.000000,+12.000000] mm
max_fitting_error_normal            0.050/6916.985 G/G
max_fitting_error_skew              364.165/364.165 G/G
r0_for_relative_multipoles          12 mm
main_monomial                       n = 0, skew:False
                                       Nn(s=0)      Integ_Nn     Nn/N0(@r0)   |    Sn(s=0)      Integ_Sn     Sn/S0(@r0)  
<multipole_order n>                    [T/m^n]      [T.m/m^n]        []       |    [T/m^n]      [T.m/m^n]        []      
n=00:                                5.9317e-01    -3.7366e-01   +1.0000e+00  |      ---           ---           ---     
n=01:                                8.1209e+00    +5.0075e+00   -1.6081e-01  |      ---           ---           ---     
n=02:                                4.5178e-01    +1.0049e+00   -3.8728e-04  |      ---           ---           ---     
n=03:                                6.1062e+01    -5.0861e+01   +2.3521e-04  |      ---           ---           ---     
n=04:                                2.0787e+03    -8.0720e+02   +4.4794e-05  |      ---           ---           ---     
n=05:                                7.3352e+04    +1.3309e+04   -8.8625e-06  |      ---           ---           ---     
n=06:                                1.1656e+07    +3.9620e+05   -3.1661e-06  |      ---           ---           ---     
