--- multipoles on reference trajectory (rz > 0) ---
effective_length:                   630.8797428372237 mm
perpendicular_grid:                 65 points in [-12.000000,+12.000000] mm
max_fitting_error_normal            0.085/6927.022 G/G
max_fitting_error_skew              366.378/366.378 G/G
r0_for_relative_multipoles          12 mm
main_monomial                       n = 0, skew:False
                                       Nn(s=0)      Integ_Nn     Nn/N0(@r0)   |    Sn(s=0)      Integ_Sn     Sn/S0(@r0)  
<multipole_order n>                    [T/m^n]      [T.m/m^n]        []       |    [T/m^n]      [T.m/m^n]        []      
n=00:                                5.9270e-01    -3.7393e-01   +1.0000e+00  |      ---           ---           ---     
n=01:                                8.1209e+00    +5.0144e+00   -1.6092e-01  |      ---           ---           ---     
n=02:                                3.1798e-02    +1.1981e+00   -4.6137e-04  |      ---           ---           ---     
n=03:                                3.2363e+01    -2.8622e+01   +1.3227e-04  |      ---           ---           ---     
n=04:                                4.2299e+03    -1.7462e+03   +9.6835e-05  |      ---           ---           ---     
n=05:                                1.6367e+04    -6.0036e+04   +3.9951e-05  |      ---           ---           ---     
n=06:                                1.1208e+07    +5.5070e+06   -4.3976e-05  |      ---           ---           ---     
