--- multipoles on reference trajectory (rz > 0) ---
effective_length:                   631.5986404793902 mm
perpendicular_grid:                 65 points in [-12.000000,+12.000000] mm
max_fitting_error_normal            0.068/4740.784 G/G
max_fitting_error_skew              350.607/350.607 G/G
r0_for_relative_multipoles          17.5 mm
main_monomial                       n = 0, skew:False
                                       Nn(s=0)      Integ_Nn     Nn/N0(@r0)   |    Sn(s=0)      Integ_Sn     Sn/S0(@r0)  
<multipole_order n>                    [T/m^n]      [T.m/m^n]        []       |    [T/m^n]      [T.m/m^n]        []      
n=00:                                5.6628e-01    -3.5766e-01   +1.0000e+00  |      ---           ---           ---     
n=01:                                7.7265e+00    +4.7762e+00   -2.3369e-01  |      ---           ---           ---     
n=02:                                1.6188e-02    +1.1968e+00   -1.0247e-03  |      ---           ---           ---     
n=03:                                1.9045e+01    -9.6617e+00   +1.4478e-04  |      ---           ---           ---     
n=04:                                2.3958e+03    -1.3835e+03   +3.6279e-04  |      ---           ---           ---     
n=05:                                3.1469e+05    -1.2523e+05   +5.7467e-04  |      ---           ---           ---     
n=06:                                2.8566e+06    +3.1586e+06   -2.5366e-04  |      ---           ---           ---     
