--- multipoles on reference trajectory (rz > 0) ---
effective_length:                   630.3861515968816 mm
perpendicular_grid:                 65 points in [-12.000000,+12.000000] mm
max_fitting_error_normal            0.074/6852.899 G/G
max_fitting_error_skew              378.855/378.855 G/G
r0_for_relative_multipoles          17.5 mm
main_monomial                       n = 0, skew:False
                                       Nn(s=0)      Integ_Nn     Nn/N0(@r0)   |    Sn(s=0)      Integ_Sn     Sn/S0(@r0)  
<multipole_order n>                    [T/m^n]      [T.m/m^n]        []       |    [T/m^n]      [T.m/m^n]        []      
n=00:                                5.9455e-01    -3.7480e-01   +1.0000e+00  |      ---           ---           ---     
n=01:                                8.1137e+00    +5.0070e+00   -2.3379e-01  |      ---           ---           ---     
n=02:                                1.2130e+00    +7.8044e-01   -6.3771e-04  |      ---           ---           ---     
n=03:                                4.6964e+01    -7.0651e+01   +1.0103e-03  |      ---           ---           ---     
n=04:                                2.4829e+03    +1.5178e+03   -3.7981e-04  |      ---           ---           ---     
n=05:                                8.3907e+02    +6.1571e+04   -2.6963e-04  |      ---           ---           ---     
n=06:                                4.8237e+06    -6.9158e+06   +5.3000e-04  |      ---           ---           ---     
