--- multipoles on reference trajectory (rz > 0) ---
effective_length:                   631.8671780508434 mm
perpendicular_grid:                 65 points in [-12.000000,+12.000000] mm
max_fitting_error_normal            0.111/6616.934 G/G
max_fitting_error_skew              345.144/345.144 G/G
r0_for_relative_multipoles          12 mm
main_monomial                       n = 0, skew:False
                                       Nn(s=0)      Integ_Nn     Nn/N0(@r0)   |    Sn(s=0)      Integ_Sn     Sn/S0(@r0)  
<multipole_order n>                    [T/m^n]      [T.m/m^n]        []       |    [T/m^n]      [T.m/m^n]        []      
n=00:                                5.6476e-01    -3.5685e-01   +1.0000e+00  |      ---           ---           ---     
n=01:                                7.7326e+00    +4.7866e+00   -1.6096e-01  |      ---           ---           ---     
n=02:                                4.1513e-01    +8.9305e-01   -3.6037e-04  |      ---           ---           ---     
n=03:                                2.3009e+01    -4.3764e+01   +2.1192e-04  |      ---           ---           ---     
n=04:                                4.2446e+03    +1.3282e+03   -7.7178e-05  |      ---           ---           ---     
n=05:                                6.2794e+04    +2.5882e+04   -1.8047e-05  |      ---           ---           ---     
n=06:                                2.9121e+07    -8.7971e+06   +7.3610e-05  |      ---           ---           ---     
