--- multipoles on reference trajectory (rz > 0) ---
effective_length:                   632.079570208294 mm
perpendicular_grid:                 65 points in [-12.000000,+12.000000] mm
max_fitting_error_normal            0.058/4778.783 G/G
max_fitting_error_skew              356.760/356.760 G/G
r0_for_relative_multipoles          17.5 mm
main_monomial                       n = 0, skew:False
                                       Nn(s=0)      Integ_Nn     Nn/N0(@r0)   |    Sn(s=0)      Integ_Sn     Sn/S0(@r0)  
<multipole_order n>                    [T/m^n]      [T.m/m^n]        []       |    [T/m^n]      [T.m/m^n]        []      
n=00:                                5.6685e-01    -3.5829e-01   +1.0000e+00  |      ---           ---           ---     
n=01:                                7.7369e+00    +4.7894e+00   -2.3393e-01  |      ---           ---           ---     
n=02:                                3.9974e-01    +7.9834e-01   -6.8238e-04  |      ---           ---           ---     
n=03:                                9.0498e-01    -2.9812e+01   +4.4593e-04  |      ---           ---           ---     
n=04:                                1.2735e+03    +2.3066e+03   -6.0379e-04  |      ---           ---           ---     
n=05:                                1.9776e+05    -5.3816e+04   +2.4653e-04  |      ---           ---           ---     
n=06:                                1.2128e+07    -1.3013e+07   +1.0432e-03  |      ---           ---           ---     
