--- multipoles on reference trajectory (rz > 0) ---
effective_length:                   630.6158356424763 mm
perpendicular_grid:                 65 points in [-12.000000,+12.000000] mm
max_fitting_error_normal            0.060/4537.978 G/G
max_fitting_error_skew              333.628/333.628 G/G
r0_for_relative_multipoles          17.5 mm
main_monomial                       n = 0, skew:False
                                       Nn(s=0)      Integ_Nn     Nn/N0(@r0)   |    Sn(s=0)      Integ_Sn     Sn/S0(@r0)  
<multipole_order n>                    [T/m^n]      [T.m/m^n]        []       |    [T/m^n]      [T.m/m^n]        []      
n=00:                                5.3928e-01    -3.4008e-01   +1.0000e+00  |      ---           ---           ---     
n=01:                                7.3642e+00    +4.5502e+00   -2.3415e-01  |      ---           ---           ---     
n=02:                                9.3505e-02    +8.3792e-01   -7.5456e-04  |      ---           ---           ---     
n=03:                                1.0543e+01    -3.1357e+01   +4.9416e-04  |      ---           ---           ---     
n=04:                                4.1468e+03    +2.6642e+02   -7.3474e-05  |      ---           ---           ---     
n=05:                                1.0964e+05    -3.0085e+04   +1.4520e-04  |      ---           ---           ---     
n=06:                                1.7486e+07    -1.0232e+06   +8.6422e-05  |      ---           ---           ---     
