--- multipoles on reference trajectory (rz > 0) ---
effective_length:                   630.0155961755752 mm
perpendicular_grid:                 65 points in [-12.000000,+12.000000] mm
max_fitting_error_normal            0.067/6911.857 G/G
max_fitting_error_skew              374.856/374.856 G/G
r0_for_relative_multipoles          12 mm
main_monomial                       n = 0, skew:False
                                       Nn(s=0)      Integ_Nn     Nn/N0(@r0)   |    Sn(s=0)      Integ_Sn     Sn/S0(@r0)  
<multipole_order n>                    [T/m^n]      [T.m/m^n]        []       |    [T/m^n]      [T.m/m^n]        []      
n=00:                                5.9276e-01    -3.7345e-01   +1.0000e+00  |      ---           ---           ---     
n=01:                                8.1197e+00    +5.0064e+00   -1.6087e-01  |      ---           ---           ---     
n=02:                                3.1114e-01    +9.3876e-01   -3.6198e-04  |      ---           ---           ---     
n=03:                                2.3385e+01    -2.0517e+01   +9.4934e-05  |      ---           ---           ---     
n=04:                                1.7345e+03    +1.1347e+03   -6.3003e-05  |      ---           ---           ---     
n=05:                                9.3276e+04    -4.8580e+04   +3.2369e-05  |      ---           ---           ---     
n=06:                                1.5636e+07    -5.6916e+06   +4.5508e-05  |      ---           ---           ---     
