--- multipoles on reference trajectory (rz > 0) ---
effective_length:                   630.3881704820064 mm
perpendicular_grid:                 65 points in [-12.000000,+12.000000] mm
max_fitting_error_normal            0.096/6280.373 G/G
max_fitting_error_skew              328.840/328.840 G/G
r0_for_relative_multipoles          12 mm
main_monomial                       n = 0, skew:False
                                       Nn(s=0)      Integ_Nn     Nn/N0(@r0)   |    Sn(s=0)      Integ_Sn     Sn/S0(@r0)  
<multipole_order n>                    [T/m^n]      [T.m/m^n]        []       |    [T/m^n]      [T.m/m^n]        []      
n=00:                                5.3689e-01    -3.3845e-01   +1.0000e+00  |      ---           ---           ---     
n=01:                                7.3497e+00    +4.5414e+00   -1.6102e-01  |      ---           ---           ---     
n=02:                                9.1200e-01    +7.8418e-01   -3.3364e-04  |      ---           ---           ---     
n=03:                                7.2763e+01    -4.3498e+01   +2.2209e-04  |      ---           ---           ---     
n=04:                                5.5367e+03    -1.3466e+03   +8.2502e-05  |      ---           ---           ---     
n=05:                                1.8331e+05    +2.4111e+04   -1.7727e-05  |      ---           ---           ---     
n=06:                                3.0121e+07    +2.5944e+06   -2.2889e-05  |      ---           ---           ---     
