--- multipoles on reference trajectory (rz > 0) ---
effective_length:                   631.2232353705425 mm
perpendicular_grid:                 65 points in [-12.000000,+12.000000] mm
max_fitting_error_normal            0.101/6914.816 G/G
max_fitting_error_skew              367.716/367.716 G/G
r0_for_relative_multipoles          12 mm
main_monomial                       n = 0, skew:False
                                       Nn(s=0)      Integ_Nn     Nn/N0(@r0)   |    Sn(s=0)      Integ_Sn     Sn/S0(@r0)  
<multipole_order n>                    [T/m^n]      [T.m/m^n]        []       |    [T/m^n]      [T.m/m^n]        []      
n=00:                                5.9261e-01    -3.7407e-01   +1.0000e+00  |      ---           ---           ---     
n=01:                                8.1209e+00    +5.0179e+00   -1.6097e-01  |      ---           ---           ---     
n=02:                                3.2356e-02    +1.2737e+00   -4.9032e-04  |      ---           ---           ---     
n=03:                                3.2654e+01    -1.7355e+01   +8.0172e-05  |      ---           ---           ---     
n=04:                                4.2460e+03    -1.9167e+03   +1.0625e-04  |      ---           ---           ---     
n=05:                                1.4910e+04    -1.2324e+05   +8.1983e-05  |      ---           ---           ---     
n=06:                                1.1297e+07    +6.8436e+06   -5.4628e-05  |      ---           ---           ---     
