--- multipoles on reference trajectory (rz > 0) ---
effective_length:                   630.9355046471792 mm
perpendicular_grid:                 65 points in [-12.000000,+12.000000] mm
max_fitting_error_normal            0.118/6636.497 G/G
max_fitting_error_skew              353.788/353.788 G/G
r0_for_relative_multipoles          17.5 mm
main_monomial                       n = 0, skew:False
                                       Nn(s=0)      Integ_Nn     Nn/N0(@r0)   |    Sn(s=0)      Integ_Sn     Sn/S0(@r0)  
<multipole_order n>                    [T/m^n]      [T.m/m^n]        []       |    [T/m^n]      [T.m/m^n]        []      
n=00:                                5.6698e-01    -3.5773e-01   +1.0000e+00  |      ---           ---           ---     
n=01:                                7.7425e+00    +4.7830e+00   -2.3398e-01  |      ---           ---           ---     
n=02:                                1.8664e-02    +1.0912e+00   -9.3416e-04  |      ---           ---           ---     
n=03:                                1.7218e+01    -2.3641e+01   +3.5418e-04  |      ---           ---           ---     
n=04:                                4.4965e+02    -6.0940e+02   +1.5977e-04  |      ---           ---           ---     
n=05:                                5.7791e+04    -5.5903e+04   +2.5649e-04  |      ---           ---           ---     
n=06:                                1.5906e+07    -2.6533e+05   +2.1304e-05  |      ---           ---           ---     
