--- multipoles on reference trajectory (rz > 0) ---
effective_length:                   629.7300284969175 mm
perpendicular_grid:                 65 points in [-12.000000,+12.000000] mm
max_fitting_error_normal            0.079/6914.358 G/G
max_fitting_error_skew              364.753/364.753 G/G
r0_for_relative_multipoles          12 mm
main_monomial                       n = 0, skew:False
                                       Nn(s=0)      Integ_Nn     Nn/N0(@r0)   |    Sn(s=0)      Integ_Sn     Sn/S0(@r0)  
<multipole_order n>                    [T/m^n]      [T.m/m^n]        []       |    [T/m^n]      [T.m/m^n]        []      
n=00:                                5.9317e-01    -3.7354e-01   +1.0000e+00  |      ---           ---           ---     
n=01:                                8.1209e+00    +5.0097e+00   -1.6094e-01  |      ---           ---           ---     
n=02:                                4.5178e-01    +9.9178e-01   -3.8233e-04  |      ---           ---           ---     
n=03:                                6.1062e+01    -4.5931e+01   +2.1248e-04  |      ---           ---           ---     
n=04:                                2.0787e+03    -4.7122e+02   +2.6159e-05  |      ---           ---           ---     
n=05:                                7.3352e+04    -1.0803e+04   +7.1962e-06  |      ---           ---           ---     
n=06:                                1.1656e+07    +5.4017e+05   -4.3180e-06  |      ---           ---           ---     
