--- multipoles on reference trajectory (rz > 0) ---
effective_length:                   629.9565048895394 mm
perpendicular_grid:                 65 points in [-12.000000,+12.000000] mm
max_fitting_error_normal            0.132/6615.033 G/G
max_fitting_error_skew              360.590/360.590 G/G
r0_for_relative_multipoles          12 mm
main_monomial                       n = 0, skew:False
                                       Nn(s=0)      Integ_Nn     Nn/N0(@r0)   |    Sn(s=0)      Integ_Sn     Sn/S0(@r0)  
<multipole_order n>                    [T/m^n]      [T.m/m^n]        []       |    [T/m^n]      [T.m/m^n]        []      
n=00:                                5.6474e-01    -3.5576e-01   +1.0000e+00  |      ---           ---           ---     
n=01:                                7.7462e+00    +4.7746e+00   -1.6105e-01  |      ---           ---           ---     
n=02:                                7.7369e-01    +1.0044e+00   -4.0656e-04  |      ---           ---           ---     
n=03:                                3.1794e+01    -3.3158e+01   +1.6106e-04  |      ---           ---           ---     
n=04:                                1.0311e+04    +1.6615e+03   -9.6846e-05  |      ---           ---           ---     
n=05:                                1.0185e+05    -3.3672e+04   +2.3552e-05  |      ---           ---           ---     
n=06:                                4.7903e+07    -1.0134e+07   +8.5059e-05  |      ---           ---           ---     
