--- multipoles on reference trajectory (rz > 0) ---
effective_length:                   630.9599686670356 mm
perpendicular_grid:                 65 points in [-12.000000,+12.000000] mm
max_fitting_error_normal            0.089/6896.227 G/G
max_fitting_error_skew              367.608/367.608 G/G
r0_for_relative_multipoles          12 mm
main_monomial                       n = 0, skew:False
                                       Nn(s=0)      Integ_Nn     Nn/N0(@r0)   |    Sn(s=0)      Integ_Sn     Sn/S0(@r0)  
<multipole_order n>                    [T/m^n]      [T.m/m^n]        []       |    [T/m^n]      [T.m/m^n]        []      
n=00:                                5.9225e-01    -3.7369e-01   +1.0000e+00  |      ---           ---           ---     
n=01:                                8.1180e+00    +5.0080e+00   -1.6082e-01  |      ---           ---           ---     
n=02:                                1.1154e-01    +1.4247e+00   -5.4900e-04  |      ---           ---           ---     
n=03:                                6.6905e+01    -1.9254e+01   +8.9036e-05  |      ---           ---           ---     
n=04:                                2.3875e+03    -2.7142e+03   +1.5061e-04  |      ---           ---           ---     
n=05:                                2.0401e+05    -7.9356e+04   +5.2842e-05  |      ---           ---           ---     
n=06:                                3.1655e+07    +6.6070e+06   -5.2794e-05  |      ---           ---           ---     
