--- multipoles on reference trajectory (rz > 0) ---
effective_length:                   630.9279247967019 mm
perpendicular_grid:                 65 points in [-12.000000,+12.000000] mm
max_fitting_error_normal            0.096/6159.239 G/G
max_fitting_error_skew              366.777/366.777 G/G
r0_for_relative_multipoles          12 mm
main_monomial                       n = 0, skew:False
                                       Nn(s=0)      Integ_Nn     Nn/N0(@r0)   |    Sn(s=0)      Integ_Sn     Sn/S0(@r0)  
<multipole_order n>                    [T/m^n]      [T.m/m^n]        []       |    [T/m^n]      [T.m/m^n]        []      
n=00:                                5.9322e-01    -3.7428e-01   +1.0000e+00  |      ---           ---           ---     
n=01:                                8.1273e+00    +5.0194e+00   -1.6093e-01  |      ---           ---           ---     
n=02:                                9.7726e-02    +1.2099e+00   -4.6548e-04  |      ---           ---           ---     
n=03:                                7.8629e+01    -1.9806e+01   +9.1442e-05  |      ---           ---           ---     
n=04:                                2.6644e+03    -9.8306e+02   +5.4464e-05  |      ---           ---           ---     
n=05:                                1.9653e+05    -8.7321e+04   +5.8054e-05  |      ---           ---           ---     
n=06:                                2.5171e+07    -5.1224e+05   +4.0867e-06  |      ---           ---           ---     
