--- multipoles on reference trajectory (rz > 0) ---
effective_length:                   630.8150924226427 mm
perpendicular_grid:                 65 points in [-12.000000,+12.000000] mm
max_fitting_error_normal            0.351/4206.677 G/G
max_fitting_error_skew              10.564/10.564 G/G
r0_for_relative_multipoles          12 mm
main_monomial                       n = 0, skew:False
                                       Nn(s=0)      Integ_Nn     Nn/N0(@r0)   |    Sn(s=0)      Integ_Sn     Sn/S0(@r0)  
<multipole_order n>                    [T/m^n]      [T.m/m^n]        []       |    [T/m^n]      [T.m/m^n]        []      
n=00:                                5.9204e-01    -3.7347e-01   +1.0000e+00  |      ---           ---           ---     
n=01:                                8.1457e+00    +5.0302e+00   -1.6163e-01  |      ---           ---           ---     
n=02:                                1.8630e-01    +1.0096e+00   -3.8930e-04  |      ---           ---           ---     
n=03:                                4.9012e+01    -2.0034e+01   +9.2695e-05  |      ---           ---           ---     
n=04:                                1.5687e+04    -2.0877e+03   +1.1592e-04  |      ---           ---           ---     
n=05:                                6.5970e+04    -1.1244e+05   +7.4913e-05  |      ---           ---           ---     
n=06:                                6.5280e+07    +3.1014e+06   -2.4797e-05  |      ---           ---           ---     
