--- multipoles on reference trajectory (rz > 0) ---
effective_length:                   631.0459546993382 mm
perpendicular_grid:                 65 points in [-12.000000,+12.000000] mm
max_fitting_error_normal            0.060/6305.382 G/G
max_fitting_error_skew              333.002/333.002 G/G
r0_for_relative_multipoles          17.5 mm
main_monomial                       n = 0, skew:False
                                       Nn(s=0)      Integ_Nn     Nn/N0(@r0)   |    Sn(s=0)      Integ_Sn     Sn/S0(@r0)  
<multipole_order n>                    [T/m^n]      [T.m/m^n]        []       |    [T/m^n]      [T.m/m^n]        []      
n=00:                                5.3886e-01    -3.4005e-01   +1.0000e+00  |      ---           ---           ---     
n=01:                                7.3618e+00    +4.5523e+00   -2.3428e-01  |      ---           ---           ---     
n=02:                                6.2155e-01    +8.8580e-01   -7.9777e-04  |      ---           ---           ---     
n=03:                                2.0783e+01    -4.7147e+01   +7.4307e-04  |      ---           ---           ---     
n=04:                                2.9644e+03    -1.9814e+02   +5.4650e-05  |      ---           ---           ---     
n=05:                                4.8533e+04    +3.4250e+04   -1.6532e-04  |      ---           ---           ---     
n=06:                                1.3116e+07    -1.1122e+06   +9.3947e-05  |      ---           ---           ---     
