--- multipoles on reference trajectory (rz > 0) ---
effective_length:                   631.3030400358 mm
perpendicular_grid:                 65 points in [-12.000000,+12.000000] mm
max_fitting_error_normal            0.130/6631.908 G/G
max_fitting_error_skew              361.556/361.556 G/G
r0_for_relative_multipoles          17.5 mm
main_monomial                       n = 0, skew:False
                                       Nn(s=0)      Integ_Nn     Nn/N0(@r0)   |    Sn(s=0)      Integ_Sn     Sn/S0(@r0)  
<multipole_order n>                    [T/m^n]      [T.m/m^n]        []       |    [T/m^n]      [T.m/m^n]        []      
n=00:                                5.6654e-01    -3.5766e-01   +1.0000e+00  |      ---           ---           ---     
n=01:                                7.7464e+00    +4.7844e+00   -2.3410e-01  |      ---           ---           ---     
n=02:                                7.9904e-01    +1.0273e+00   -8.7966e-04  |      ---           ---           ---     
n=03:                                3.7004e+01    -3.3991e+01   +5.0934e-04  |      ---           ---           ---     
n=04:                                1.1632e+04    +1.8842e+03   -4.9409e-04  |      ---           ---           ---     
n=05:                                6.7173e+04    -2.5629e+04   +1.1761e-04  |      ---           ---           ---     
n=06:                                5.5051e+07    -1.1210e+07   +9.0024e-04  |      ---           ---           ---     
