--- multipoles on reference trajectory (rz > 0) ---
effective_length:                   631.2424246077253 mm
perpendicular_grid:                 65 points in [-12.000000,+12.000000] mm
max_fitting_error_normal            0.162/6933.925 G/G
max_fitting_error_skew              367.148/367.148 G/G
r0_for_relative_multipoles          12 mm
main_monomial                       n = 0, skew:False
                                       Nn(s=0)      Integ_Nn     Nn/N0(@r0)   |    Sn(s=0)      Integ_Sn     Sn/S0(@r0)  
<multipole_order n>                    [T/m^n]      [T.m/m^n]        []       |    [T/m^n]      [T.m/m^n]        []      
n=00:                                5.9238e-01    -3.7394e-01   +1.0000e+00  |      ---           ---           ---     
n=01:                                8.1126e+00    +5.0129e+00   -1.6087e-01  |      ---           ---           ---     
n=02:                                9.9190e-01    +9.5814e-01   -3.6897e-04  |      ---           ---           ---     
n=03:                                4.8403e+01    -5.3322e+01   +2.4640e-04  |      ---           ---           ---     
n=04:                                1.4037e+04    +3.6872e+03   -2.0447e-04  |      ---           ---           ---     
n=05:                                1.0554e+05    +7.0402e+04   -4.6848e-05  |      ---           ---           ---     
n=06:                                6.9366e+07    -2.0787e+07   +1.6599e-04  |      ---           ---           ---     
