--- multipoles on reference trajectory (rz > 0) ---
effective_length:                   630.1317338668258 mm
perpendicular_grid:                 65 points in [-12.000000,+12.000000] mm
max_fitting_error_normal            0.064/6950.982 G/G
max_fitting_error_skew              367.185/367.185 G/G
r0_for_relative_multipoles          17.5 mm
main_monomial                       n = 0, skew:False
                                       Nn(s=0)      Integ_Nn     Nn/N0(@r0)   |    Sn(s=0)      Integ_Sn     Sn/S0(@r0)  
<multipole_order n>                    [T/m^n]      [T.m/m^n]        []       |    [T/m^n]      [T.m/m^n]        []      
n=00:                                5.9481e-01    -3.7481e-01   +1.0000e+00  |      ---           ---           ---     
n=01:                                8.1106e+00    +5.0106e+00   -2.3395e-01  |      ---           ---           ---     
n=02:                                6.4564e-01    +8.0375e-01   -6.5673e-04  |      ---           ---           ---     
n=03:                                1.3893e+01    -4.4973e+01   +6.4307e-04  |      ---           ---           ---     
n=04:                                4.1974e+03    +8.7410e+02   -2.1873e-04  |      ---           ---           ---     
n=05:                                1.8974e+05    -3.7625e+04   +1.6476e-04  |      ---           ---           ---     
n=06:                                1.5201e+07    -4.6182e+06   +3.5391e-04  |      ---           ---           ---     
