--- multipoles on reference trajectory (rz > 0) ---
effective_length:                   631.1625114364529 mm
perpendicular_grid:                 65 points in [-12.000000,+12.000000] mm
max_fitting_error_normal            0.121/6149.762 G/G
max_fitting_error_skew              383.184/383.184 G/G
r0_for_relative_multipoles          12 mm
main_monomial                       n = 0, skew:False
                                       Nn(s=0)      Integ_Nn     Nn/N0(@r0)   |    Sn(s=0)      Integ_Sn     Sn/S0(@r0)  
<multipole_order n>                    [T/m^n]      [T.m/m^n]        []       |    [T/m^n]      [T.m/m^n]        []      
n=00:                                5.9424e-01    -3.7506e-01   +1.0000e+00  |      ---           ---           ---     
n=01:                                8.1080e+00    +5.0072e+00   -1.6021e-01  |      ---           ---           ---     
n=02:                                9.9470e-02    +1.0454e+00   -4.0139e-04  |      ---           ---           ---     
n=03:                                2.2722e+01    -1.9456e+01   +8.9639e-05  |      ---           ---           ---     
n=04:                                7.2277e+03    -1.2898e+03   +7.1308e-05  |      ---           ---           ---     
n=05:                                9.6453e+03    -1.0646e+05   +7.0630e-05  |      ---           ---           ---     
n=06:                                2.0487e+07    +3.4440e+06   -2.7419e-05  |      ---           ---           ---     
