--- multipoles on reference trajectory (rz > 0) ---
effective_length:                   631.1787539244472 mm
perpendicular_grid:                 65 points in [-12.000000,+12.000000] mm
max_fitting_error_normal            0.077/6135.778 G/G
max_fitting_error_skew              365.228/365.228 G/G
r0_for_relative_multipoles          17.5 mm
main_monomial                       n = 0, skew:False
                                       Nn(s=0)      Integ_Nn     Nn/N0(@r0)   |    Sn(s=0)      Integ_Sn     Sn/S0(@r0)  
<multipole_order n>                    [T/m^n]      [T.m/m^n]        []       |    [T/m^n]      [T.m/m^n]        []      
n=00:                                5.9494e-01    -3.7552e-01   +1.0000e+00  |      ---           ---           ---     
n=01:                                8.1240e+00    +5.0212e+00   -2.3400e-01  |      ---           ---           ---     
n=02:                                9.1648e-01    +1.0469e+00   -8.5383e-04  |      ---           ---           ---     
n=03:                                4.3794e+00    -3.1531e+01   +4.5002e-04  |      ---           ---           ---     
n=04:                                5.5819e+03    +1.3935e+03   -3.4803e-04  |      ---           ---           ---     
n=05:                                2.5056e+05    -9.4772e+04   +4.1423e-04  |      ---           ---           ---     
n=06:                                1.9015e+07    -6.5241e+06   +4.9903e-04  |      ---           ---           ---     
