--- multipoles on reference trajectory (rz > 0) ---
effective_length:                   631.8015674184526 mm
perpendicular_grid:                 65 points in [-12.000000,+12.000000] mm
max_fitting_error_normal            0.102/4978.324 G/G
max_fitting_error_skew              365.690/365.690 G/G
r0_for_relative_multipoles          12 mm
main_monomial                       n = 0, skew:False
                                       Nn(s=0)      Integ_Nn     Nn/N0(@r0)   |    Sn(s=0)      Integ_Sn     Sn/S0(@r0)  
<multipole_order n>                    [T/m^n]      [T.m/m^n]        []       |    [T/m^n]      [T.m/m^n]        []      
n=00:                                5.9302e-01    -3.7467e-01   +1.0000e+00  |      ---           ---           ---     
n=01:                                8.1257e+00    +5.0236e+00   -1.6090e-01  |      ---           ---           ---     
n=02:                                4.4006e-01    +1.0775e+00   -4.1413e-04  |      ---           ---           ---     
n=03:                                3.3739e+01    -1.9121e+01   +8.8189e-05  |      ---           ---           ---     
n=04:                                4.8914e+03    +1.4726e+03   -8.1499e-05  |      ---           ---           ---     
n=05:                                4.2290e+05    -1.0687e+05   +7.0978e-05  |      ---           ---           ---     
n=06:                                4.1945e+06    -9.9715e+06   +7.9469e-05  |      ---           ---           ---     
