--- multipoles on reference trajectory (rz > 0) ---
effective_length:                   630.9220184245129 mm
perpendicular_grid:                 65 points in [-12.000000,+12.000000] mm
max_fitting_error_normal            0.067/5274.531 G/G
max_fitting_error_skew              330.237/330.237 G/G
r0_for_relative_multipoles          12 mm
main_monomial                       n = 0, skew:False
                                       Nn(s=0)      Integ_Nn     Nn/N0(@r0)   |    Sn(s=0)      Integ_Sn     Sn/S0(@r0)  
<multipole_order n>                    [T/m^n]      [T.m/m^n]        []       |    [T/m^n]      [T.m/m^n]        []      
n=00:                                5.3757e-01    -3.3916e-01   +1.0000e+00  |      ---           ---           ---     
n=01:                                7.3641e+00    +4.5555e+00   -1.6118e-01  |      ---           ---           ---     
n=02:                                9.3242e-02    +9.4565e-01   -4.0150e-04  |      ---           ---           ---     
n=03:                                7.0802e+00    -3.3951e+01   +1.7298e-04  |      ---           ---           ---     
n=04:                                4.1162e+03    -2.1419e+02   +1.3095e-05  |      ---           ---           ---     
n=05:                                8.8692e+04    +1.9114e+03   -1.4023e-06  |      ---           ---           ---     
n=06:                                1.6632e+07    -1.2270e+06   +1.0802e-05  |      ---           ---           ---     
