--- multipoles on reference trajectory (rz > 0) ---
effective_length:                   631.2956883720456 mm
perpendicular_grid:                 65 points in [-12.000000,+12.000000] mm
max_fitting_error_normal            0.089/6290.774 G/G
max_fitting_error_skew              329.899/329.899 G/G
r0_for_relative_multipoles          12 mm
main_monomial                       n = 0, skew:False
                                       Nn(s=0)      Integ_Nn     Nn/N0(@r0)   |    Sn(s=0)      Integ_Sn     Sn/S0(@r0)  
<multipole_order n>                    [T/m^n]      [T.m/m^n]        []       |    [T/m^n]      [T.m/m^n]        []      
n=00:                                5.3682e-01    -3.3889e-01   +1.0000e+00  |      ---           ---           ---     
n=01:                                7.3513e+00    +4.5470e+00   -1.6100e-01  |      ---           ---           ---     
n=02:                                3.3876e-01    +8.4788e-01   -3.6027e-04  |      ---           ---           ---     
n=03:                                2.9534e+01    -3.5821e+01   +1.8265e-04  |      ---           ---           ---     
n=04:                                1.7780e+03    +1.9822e+02   -1.2129e-05  |      ---           ---           ---     
n=05:                                4.5886e+00    -8.3213e+03   +6.1099e-06  |      ---           ---           ---     
n=06:                                8.2141e+06    -6.0497e+06   +5.3304e-05  |      ---           ---           ---     
