--- multipoles on reference trajectory (rz > 0) ---
effective_length:                   631.8327071190477 mm
perpendicular_grid:                 65 points in [-12.000000,+12.000000] mm
max_fitting_error_normal            0.104/6933.987 G/G
max_fitting_error_skew              372.010/372.010 G/G
r0_for_relative_multipoles          12 mm
main_monomial                       n = 0, skew:False
                                       Nn(s=0)      Integ_Nn     Nn/N0(@r0)   |    Sn(s=0)      Integ_Sn     Sn/S0(@r0)  
<multipole_order n>                    [T/m^n]      [T.m/m^n]        []       |    [T/m^n]      [T.m/m^n]        []      
n=00:                                5.9234e-01    -3.7426e-01   +1.0000e+00  |      ---           ---           ---     
n=01:                                8.1114e+00    +5.0162e+00   -1.6084e-01  |      ---           ---           ---     
n=02:                                2.9327e-01    +1.0937e+00   -4.2083e-04  |      ---           ---           ---     
n=03:                                9.2280e+00    -1.9362e+01   +8.9397e-05  |      ---           ---           ---     
n=04:                                5.9381e+03    +7.0577e+02   -3.9103e-05  |      ---           ---           ---     
n=05:                                7.6247e+04    -7.0837e+04   +4.7097e-05  |      ---           ---           ---     
n=06:                                3.8306e+07    -4.6704e+06   +3.7262e-05  |      ---           ---           ---     
