--- multipoles on reference trajectory (rz > 0) ---
effective_length:                   629.8745570002625 mm
perpendicular_grid:                 65 points in [-12.000000,+12.000000] mm
max_fitting_error_normal            0.096/5494.972 G/G
max_fitting_error_skew              350.877/350.877 G/G
r0_for_relative_multipoles          12 mm
main_monomial                       n = 0, skew:False
                                       Nn(s=0)      Integ_Nn     Nn/N0(@r0)   |    Sn(s=0)      Integ_Sn     Sn/S0(@r0)  
<multipole_order n>                    [T/m^n]      [T.m/m^n]        []       |    [T/m^n]      [T.m/m^n]        []      
n=00:                                5.6452e-01    -3.5558e-01   +1.0000e+00  |      ---           ---           ---     
n=01:                                7.7348e+00    +4.7710e+00   -1.6101e-01  |      ---           ---           ---     
n=02:                                6.5778e-01    +8.9698e-01   -3.6325e-04  |      ---           ---           ---     
n=03:                                5.7924e+01    -3.0008e+01   +1.4583e-04  |      ---           ---           ---     
n=04:                                8.5557e+03    +1.0263e+03   -5.9848e-05  |      ---           ---           ---     
n=05:                                1.3801e+05    -2.4248e+04   +1.6969e-05  |      ---           ---           ---     
n=06:                                4.6780e+07    -5.8464e+06   +4.9095e-05  |      ---           ---           ---     
