--- multipoles on reference trajectory (rz > 0) ---
effective_length:                   629.123073865898 mm
perpendicular_grid:                 65 points in [-12.000000,+12.000000] mm
max_fitting_error_normal            0.119/4761.462 G/G
max_fitting_error_skew              345.226/345.226 G/G
r0_for_relative_multipoles          12 mm
main_monomial                       n = 0, skew:False
                                       Nn(s=0)      Integ_Nn     Nn/N0(@r0)   |    Sn(s=0)      Integ_Sn     Sn/S0(@r0)  
<multipole_order n>                    [T/m^n]      [T.m/m^n]        []       |    [T/m^n]      [T.m/m^n]        []      
n=00:                                5.6485e-01    -3.5536e-01   +1.0000e+00  |      ---           ---           ---     
n=01:                                7.7326e+00    +4.7694e+00   -1.6106e-01  |      ---           ---           ---     
n=02:                                4.1467e-01    +9.5409e-01   -3.8662e-04  |      ---           ---           ---     
n=03:                                2.2954e+01    -3.8940e+01   +1.8935e-04  |      ---           ---           ---     
n=04:                                4.2575e+03    +5.7844e+02   -3.3753e-05  |      ---           ---           ---     
n=05:                                6.2619e+04    +1.0371e+04   -7.2623e-06  |      ---           ---           ---     
n=06:                                2.9174e+07    -6.1659e+06   +5.1810e-05  |      ---           ---           ---     
