--- multipoles on reference trajectory (rz > 0) ---
effective_length:                   633.0689809731236 mm
perpendicular_grid:                 65 points in [-12.000000,+12.000000] mm
max_fitting_error_normal            0.096/4489.284 G/G
max_fitting_error_skew              340.235/340.235 G/G
r0_for_relative_multipoles          12 mm
main_monomial                       n = 0, skew:False
                                       Nn(s=0)      Integ_Nn     Nn/N0(@r0)   |    Sn(s=0)      Integ_Sn     Sn/S0(@r0)  
<multipole_order n>                    [T/m^n]      [T.m/m^n]        []       |    [T/m^n]      [T.m/m^n]        []      
n=00:                                5.3645e-01    -3.3961e-01   +1.0000e+00  |      ---           ---           ---     
n=01:                                7.3459e+00    +4.5483e+00   -1.6071e-01  |      ---           ---           ---     
n=02:                                4.9273e-02    +1.0152e+00   -4.3044e-04  |      ---           ---           ---     
n=03:                                3.8934e+01    -9.8446e+00   +5.0091e-05  |      ---           ---           ---     
n=04:                                1.1760e+03    +1.6411e+03   -1.0020e-04  |      ---           ---           ---     
n=05:                                3.4309e+05    -9.4111e+04   +6.8955e-05  |      ---           ---           ---     
n=06:                                2.0098e+07    -1.1067e+07   +9.7308e-05  |      ---           ---           ---     
