--- multipoles on reference trajectory (rz > 0) ---
effective_length:                   630.8861301166186 mm
perpendicular_grid:                 65 points in [-12.000000,+12.000000] mm
max_fitting_error_normal            0.098/6292.860 G/G
max_fitting_error_skew              337.809/337.809 G/G
r0_for_relative_multipoles          12 mm
main_monomial                       n = 0, skew:False
                                       Nn(s=0)      Integ_Nn     Nn/N0(@r0)   |    Sn(s=0)      Integ_Sn     Sn/S0(@r0)  
<multipole_order n>                    [T/m^n]      [T.m/m^n]        []       |    [T/m^n]      [T.m/m^n]        []      
n=00:                                5.3696e-01    -3.3876e-01   +1.0000e+00  |      ---           ---           ---     
n=01:                                7.3511e+00    +4.5438e+00   -1.6096e-01  |      ---           ---           ---     
n=02:                                6.5595e-01    +7.2661e-01   -3.0886e-04  |      ---           ---           ---     
n=03:                                3.9789e+01    -2.5155e+01   +1.2831e-04  |      ---           ---           ---     
n=04:                                4.3590e+03    +4.4510e+02   -2.7245e-05  |      ---           ---           ---     
n=05:                                3.4544e+05    -4.5620e+04   +3.3510e-05  |      ---           ---           ---     
n=06:                                2.5514e+07    -4.3549e+06   +3.8386e-05  |      ---           ---           ---     
