--- multipoles on reference trajectory (rz > 0) ---
effective_length:                   629.6336220646997 mm
perpendicular_grid:                 65 points in [-12.000000,+12.000000] mm
max_fitting_error_normal            0.089/6914.490 G/G
max_fitting_error_skew              371.210/371.210 G/G
r0_for_relative_multipoles          12 mm
main_monomial                       n = 0, skew:False
                                       Nn(s=0)      Integ_Nn     Nn/N0(@r0)   |    Sn(s=0)      Integ_Sn     Sn/S0(@r0)  
<multipole_order n>                    [T/m^n]      [T.m/m^n]        []       |    [T/m^n]      [T.m/m^n]        []      
n=00:                                5.9246e-01    -3.7303e-01   +1.0000e+00  |      ---           ---           ---     
n=01:                                8.1149e+00    +5.0018e+00   -1.6090e-01  |      ---           ---           ---     
n=02:                                5.0813e-01    +1.1693e+00   -4.5140e-04  |      ---           ---           ---     
n=03:                                5.1159e+01    -1.7181e+01   +7.9586e-05  |      ---           ---           ---     
n=04:                                1.0017e+04    -5.6832e+02   +3.1592e-05  |      ---           ---           ---     
n=05:                                3.2179e+05    -5.9157e+04   +3.9461e-05  |      ---           ---           ---     
n=06:                                3.5813e+07    +3.5548e+06   -2.8455e-05  |      ---           ---           ---     
