--- multipoles on reference trajectory (rz > 0) ---
effective_length:                   630.6662225346993 mm
perpendicular_grid:                 65 points in [-12.000000,+12.000000] mm
max_fitting_error_normal            0.060/4520.188 G/G
max_fitting_error_skew              332.675/332.675 G/G
r0_for_relative_multipoles          12 mm
main_monomial                       n = 0, skew:False
                                       Nn(s=0)      Integ_Nn     Nn/N0(@r0)   |    Sn(s=0)      Integ_Sn     Sn/S0(@r0)  
<multipole_order n>                    [T/m^n]      [T.m/m^n]        []       |    [T/m^n]      [T.m/m^n]        []      
n=00:                                5.3748e-01    -3.3897e-01   +1.0000e+00  |      ---           ---           ---     
n=01:                                7.3641e+00    +4.5507e+00   -1.6110e-01  |      ---           ---           ---     
n=02:                                9.3324e-02    +8.1483e-01   -3.4615e-04  |      ---           ---           ---     
n=03:                                6.9009e+00    -3.1058e+01   +1.5833e-04  |      ---           ---           ---     
n=04:                                4.1133e+03    +2.3184e+02   -1.4182e-05  |      ---           ---           ---     
n=05:                                8.7632e+04    -3.2010e+04   +2.3498e-05  |      ---           ---           ---     
n=06:                                1.6583e+07    -1.0433e+06   +9.1908e-06  |      ---           ---           ---     
