--- multipoles on reference trajectory (rz > 0) ---
effective_length:                   629.7057076665499 mm
perpendicular_grid:                 65 points in [-12.000000,+12.000000] mm
max_fitting_error_normal            0.092/6590.949 G/G
max_fitting_error_skew              356.153/356.153 G/G
r0_for_relative_multipoles          12 mm
main_monomial                       n = 0, skew:False
                                       Nn(s=0)      Integ_Nn     Nn/N0(@r0)   |    Sn(s=0)      Integ_Sn     Sn/S0(@r0)  
<multipole_order n>                    [T/m^n]      [T.m/m^n]        []       |    [T/m^n]      [T.m/m^n]        []      
n=00:                                5.6467e-01    -3.5557e-01   +1.0000e+00  |      ---           ---           ---     
n=01:                                7.7352e+00    +4.7691e+00   -1.6095e-01  |      ---           ---           ---     
n=02:                                5.4878e-01    +9.0691e-01   -3.6728e-04  |      ---           ---           ---     
n=03:                                1.6131e+01    -2.3906e+01   +1.1618e-04  |      ---           ---           ---     
n=04:                                5.2498e+03    +2.2876e+03   -1.3341e-04  |      ---           ---           ---     
n=05:                                5.3463e+04    -5.6921e+04   +3.9833e-05  |      ---           ---           ---     
n=06:                                2.8083e+07    -1.2606e+07   +1.0586e-04  |      ---           ---           ---     
