--- multipoles on reference trajectory (rz > 0) ---
effective_length:                   631.3135439042942 mm
perpendicular_grid:                 65 points in [-12.000000,+12.000000] mm
max_fitting_error_normal            0.089/6138.322 G/G
max_fitting_error_skew              365.672/365.672 G/G
r0_for_relative_multipoles          12 mm
main_monomial                       n = 0, skew:False
                                       Nn(s=0)      Integ_Nn     Nn/N0(@r0)   |    Sn(s=0)      Integ_Sn     Sn/S0(@r0)  
<multipole_order n>                    [T/m^n]      [T.m/m^n]        []       |    [T/m^n]      [T.m/m^n]        []      
n=00:                                5.9261e-01    -3.7412e-01   +1.0000e+00  |      ---           ---           ---     
n=01:                                8.1112e+00    +5.0110e+00   -1.6073e-01  |      ---           ---           ---     
n=02:                                3.4180e-02    +9.9382e-01   -3.8252e-04  |      ---           ---           ---     
n=03:                                5.8693e+00    -3.0721e+01   +1.4189e-04  |      ---           ---           ---     
n=04:                                8.5305e+03    -1.8139e+03   +1.0054e-04  |      ---           ---           ---     
n=05:                                3.5024e+05    -1.0112e+05   +6.7254e-05  |      ---           ---           ---     
n=06:                                2.4327e+07    +1.2987e+06   -1.0365e-05  |      ---           ---           ---     
