--- multipoles on reference trajectory (rz > 0) ---
effective_length:                   632.3530405930402 mm
perpendicular_grid:                 65 points in [-12.000000,+12.000000] mm
max_fitting_error_normal            0.075/6621.561 G/G
max_fitting_error_skew              353.133/353.133 G/G
r0_for_relative_multipoles          12 mm
main_monomial                       n = 0, skew:False
                                       Nn(s=0)      Integ_Nn     Nn/N0(@r0)   |    Sn(s=0)      Integ_Sn     Sn/S0(@r0)  
<multipole_order n>                    [T/m^n]      [T.m/m^n]        []       |    [T/m^n]      [T.m/m^n]        []      
n=00:                                5.6617e-01    -3.5802e-01   +1.0000e+00  |      ---           ---           ---     
n=01:                                7.7361e+00    +4.7864e+00   -1.6043e-01  |      ---           ---           ---     
n=02:                                1.1044e+00    +9.5722e-01   -3.8500e-04  |      ---           ---           ---     
n=03:                                3.4066e+00    -4.1374e+01   +1.9969e-04  |      ---           ---           ---     
n=04:                                1.4585e+04    +1.8857e+03   -1.0922e-04  |      ---           ---           ---     
n=05:                                9.1553e+04    +3.9836e+04   -2.7687e-05  |      ---           ---           ---     
n=06:                                6.0283e+07    -8.6743e+06   +7.2346e-05  |      ---           ---           ---     
