--- multipoles on reference trajectory (rz > 0) ---
effective_length:                   631.0221894280663 mm
perpendicular_grid:                 65 points in [-12.000000,+12.000000] mm
max_fitting_error_normal            0.079/4721.348 G/G
max_fitting_error_skew              350.072/350.072 G/G
r0_for_relative_multipoles          12 mm
main_monomial                       n = 0, skew:False
                                       Nn(s=0)      Integ_Nn     Nn/N0(@r0)   |    Sn(s=0)      Integ_Sn     Sn/S0(@r0)  
<multipole_order n>                    [T/m^n]      [T.m/m^n]        []       |    [T/m^n]      [T.m/m^n]        []      
n=00:                                5.6487e-01    -3.5644e-01   +1.0000e+00  |      ---           ---           ---     
n=01:                                7.7386e+00    +4.7866e+00   -1.6114e-01  |      ---           ---           ---     
n=02:                                1.1721e+00    +9.6451e-01   -3.8965e-04  |      ---           ---           ---     
n=03:                                2.6412e+01    -4.1424e+01   +2.0082e-04  |      ---           ---           ---     
n=04:                                1.4917e+04    +1.1872e+03   -6.9067e-05  |      ---           ---           ---     
n=05:                                9.9043e+04    +8.9364e+03   -6.2385e-06  |      ---           ---           ---     
n=06:                                7.0020e+07    -8.3615e+06   +7.0045e-05  |      ---           ---           ---     
