--- multipoles on reference trajectory (rz > 0) ---
effective_length:                   631.6017405974032 mm
perpendicular_grid:                 65 points in [-12.000000,+12.000000] mm
max_fitting_error_normal            0.075/4503.297 G/G
max_fitting_error_skew              331.748/331.748 G/G
r0_for_relative_multipoles          12 mm
main_monomial                       n = 0, skew:False
                                       Nn(s=0)      Integ_Nn     Nn/N0(@r0)   |    Sn(s=0)      Integ_Sn     Sn/S0(@r0)  
<multipole_order n>                    [T/m^n]      [T.m/m^n]        []       |    [T/m^n]      [T.m/m^n]        []      
n=00:                                5.3641e-01    -3.3880e-01   +1.0000e+00  |      ---           ---           ---     
n=01:                                7.3471e+00    +4.5446e+00   -1.6097e-01  |      ---           ---           ---     
n=02:                                1.6381e-01    +9.4742e-01   -4.0268e-04  |      ---           ---           ---     
n=03:                                2.8824e+01    -1.1003e+01   +5.6121e-05  |      ---           ---           ---     
n=04:                                6.1645e+02    -2.9857e+02   +1.8274e-05  |      ---           ---           ---     
n=05:                                2.5107e+05    -8.9506e+04   +6.5739e-05  |      ---           ---           ---     
n=06:                                1.5003e+07    -1.6922e+06   +1.4914e-05  |      ---           ---           ---     
