--- multipoles on reference trajectory (rz > 0) ---
effective_length:                   631.6963983017193 mm
perpendicular_grid:                 65 points in [-12.000000,+12.000000] mm
max_fitting_error_normal            0.049/6262.996 G/G
max_fitting_error_skew              340.302/340.302 G/G
r0_for_relative_multipoles          12 mm
main_monomial                       n = 0, skew:False
                                       Nn(s=0)      Integ_Nn     Nn/N0(@r0)   |    Sn(s=0)      Integ_Sn     Sn/S0(@r0)  
<multipole_order n>                    [T/m^n]      [T.m/m^n]        []       |    [T/m^n]      [T.m/m^n]        []      
n=00:                                5.3638e-01    -3.3883e-01   +1.0000e+00  |      ---           ---           ---     
n=01:                                7.3488e+00    +4.5430e+00   -1.6090e-01  |      ---           ---           ---     
n=02:                                2.3396e-01    +7.5625e-01   -3.2140e-04  |      ---           ---           ---     
n=03:                                3.1526e+01    -1.8060e+01   +9.2104e-05  |      ---           ---           ---     
n=04:                                4.2411e+03    -1.1459e+02   +7.0128e-06  |      ---           ---           ---     
n=05:                                4.8113e+04    -4.9557e+04   +3.6394e-05  |      ---           ---           ---     
n=06:                                1.3867e+07    -2.5067e+05   +2.2091e-06  |      ---           ---           ---     
