--- multipoles on reference trajectory (rz > 0) ---
effective_length:                   630.8968619860758 mm
perpendicular_grid:                 65 points in [-12.000000,+12.000000] mm
max_fitting_error_normal            0.133/6595.320 G/G
max_fitting_error_skew              347.041/347.041 G/G
r0_for_relative_multipoles          12 mm
main_monomial                       n = 0, skew:False
                                       Nn(s=0)      Integ_Nn     Nn/N0(@r0)   |    Sn(s=0)      Integ_Sn     Sn/S0(@r0)  
<multipole_order n>                    [T/m^n]      [T.m/m^n]        []       |    [T/m^n]      [T.m/m^n]        []      
n=00:                                5.6471e-01    -3.5628e-01   +1.0000e+00  |      ---           ---           ---     
n=01:                                7.7286e+00    +4.7711e+00   -1.6070e-01  |      ---           ---           ---     
n=02:                                4.7678e-02    +8.4699e-01   -3.4234e-04  |      ---           ---           ---     
n=03:                                2.9764e+01    -1.3908e+01   +6.7456e-05  |      ---           ---           ---     
n=04:                                4.4812e+03    +3.3746e+02   -1.9641e-05  |      ---           ---           ---     
n=05:                                3.4910e+04    -9.6159e+04   +6.7160e-05  |      ---           ---           ---     
n=06:                                5.8511e+06    -3.7687e+06   +3.1586e-05  |      ---           ---           ---     
