--- multipoles on reference trajectory (rz > 0) ---
effective_length:                   630.3143405429026 mm
perpendicular_grid:                 65 points in [-12.000000,+12.000000] mm
max_fitting_error_normal            0.052/6259.193 G/G
max_fitting_error_skew              329.119/329.119 G/G
r0_for_relative_multipoles          12 mm
main_monomial                       n = 0, skew:False
                                       Nn(s=0)      Integ_Nn     Nn/N0(@r0)   |    Sn(s=0)      Integ_Sn     Sn/S0(@r0)  
<multipole_order n>                    [T/m^n]      [T.m/m^n]        []       |    [T/m^n]      [T.m/m^n]        []      
n=00:                                5.3712e-01    -3.3856e-01   +1.0000e+00  |      ---           ---           ---     
n=01:                                7.3563e+00    +4.5398e+00   -1.6091e-01  |      ---           ---           ---     
n=02:                                3.9407e-02    +9.2814e-01   -3.9477e-04  |      ---           ---           ---     
n=03:                                3.6087e+01    -2.7505e+01   +1.4039e-04  |      ---           ---           ---     
n=04:                                6.6621e+03    -1.8524e+03   +1.1345e-04  |      ---           ---           ---     
n=05:                                3.2913e+04    -6.7967e+04   +4.9954e-05  |      ---           ---           ---     
n=06:                                1.6776e+07    +3.1246e+06   -2.7558e-05  |      ---           ---           ---     
