--- multipoles on reference trajectory (rz > 0) ---
effective_length:                   631.7050945158707 mm
perpendicular_grid:                 65 points in [-12.000000,+12.000000] mm
max_fitting_error_normal            0.074/4486.449 G/G
max_fitting_error_skew              330.465/330.465 G/G
r0_for_relative_multipoles          12 mm
main_monomial                       n = 0, skew:False
                                       Nn(s=0)      Integ_Nn     Nn/N0(@r0)   |    Sn(s=0)      Integ_Sn     Sn/S0(@r0)  
<multipole_order n>                    [T/m^n]      [T.m/m^n]        []       |    [T/m^n]      [T.m/m^n]        []      
n=00:                                5.3656e-01    -3.3895e-01   +1.0000e+00  |      ---           ---           ---     
n=01:                                7.3449e+00    +4.5437e+00   -1.6086e-01  |      ---           ---           ---     
n=02:                                1.2267e+00    +5.4728e-01   -2.3251e-04  |      ---           ---           ---     
n=03:                                4.0024e+01    -3.5665e+01   +1.8183e-04  |      ---           ---           ---     
n=04:                                6.8545e+03    +1.4799e+03   -9.0535e-05  |      ---           ---           ---     
n=05:                                4.5243e+05    -4.4082e+04   +3.2362e-05  |      ---           ---           ---     
n=06:                                2.7978e+07    -8.9262e+06   +7.8637e-05  |      ---           ---           ---     
