--- multipoles on reference trajectory (rz > 0) ---
effective_length:                   632.0893691428589 mm
perpendicular_grid:                 65 points in [-12.000000,+12.000000] mm
max_fitting_error_normal            0.075/5569.116 G/G
max_fitting_error_skew              339.618/339.618 G/G
r0_for_relative_multipoles          12 mm
main_monomial                       n = 0, skew:False
                                       Nn(s=0)      Integ_Nn     Nn/N0(@r0)   |    Sn(s=0)      Integ_Sn     Sn/S0(@r0)  
<multipole_order n>                    [T/m^n]      [T.m/m^n]        []       |    [T/m^n]      [T.m/m^n]        []      
n=00:                                5.3629e-01    -3.3898e-01   +1.0000e+00  |      ---           ---           ---     
n=01:                                7.3488e+00    +4.5494e+00   -1.6105e-01  |      ---           ---           ---     
n=02:                                2.3469e-01    +7.7897e-01   -3.3091e-04  |      ---           ---           ---     
n=03:                                3.1677e+01    -1.9608e+01   +9.9953e-05  |      ---           ---           ---     
n=04:                                4.2482e+03    -4.6716e+02   +2.8577e-05  |      ---           ---           ---     
n=05:                                4.8728e+04    -5.4146e+04   +3.9746e-05  |      ---           ---           ---     
n=06:                                1.3926e+07    +9.6706e+05   -8.5186e-06  |      ---           ---           ---     
