--- multipoles on reference trajectory (rz > 0) ---
effective_length:                   631.0214172545304 mm
perpendicular_grid:                 65 points in [-12.000000,+12.000000] mm
max_fitting_error_normal            0.080/4776.788 G/G
max_fitting_error_skew              356.381/356.381 G/G
r0_for_relative_multipoles          17.5 mm
main_monomial                       n = 0, skew:False
                                       Nn(s=0)      Integ_Nn     Nn/N0(@r0)   |    Sn(s=0)      Integ_Sn     Sn/S0(@r0)  
<multipole_order n>                    [T/m^n]      [T.m/m^n]        []       |    [T/m^n]      [T.m/m^n]        []      
n=00:                                5.6620e-01    -3.5728e-01   +1.0000e+00  |      ---           ---           ---     
n=01:                                7.7330e+00    +4.7782e+00   -2.3404e-01  |      ---           ---           ---     
n=02:                                3.1423e-01    +9.4008e-01   -8.0580e-04  |      ---           ---           ---     
n=03:                                1.5991e+01    -2.1476e+01   +3.2214e-04  |      ---           ---           ---     
n=04:                                1.8477e+03    +6.0225e+02   -1.5809e-04  |      ---           ---           ---     
n=05:                                2.4445e+05    -7.9409e+04   +3.6479e-04  |      ---           ---           ---     
n=06:                                1.6734e+07    -3.9430e+06   +3.1699e-04  |      ---           ---           ---     
