--- multipoles on reference trajectory (rz > 0) ---
effective_length:                   630.8755189922822 mm
perpendicular_grid:                 65 points in [-12.000000,+12.000000] mm
max_fitting_error_normal            0.242/3731.951 G/G
max_fitting_error_skew              10.397/10.397 G/G
r0_for_relative_multipoles          12 mm
main_monomial                       n = 0, skew:False
                                       Nn(s=0)      Integ_Nn     Nn/N0(@r0)   |    Sn(s=0)      Integ_Sn     Sn/S0(@r0)  
<multipole_order n>                    [T/m^n]      [T.m/m^n]        []       |    [T/m^n]      [T.m/m^n]        []      
n=00:                                5.8500e-01    -3.6906e-01   +1.0000e+00  |      ---           ---           ---     
n=01:                                8.0425e+00    +4.9709e+00   -1.6163e-01  |      ---           ---           ---     
n=02:                                5.2429e-01    +5.7502e-01   -2.2436e-04  |      ---           ---           ---     
n=03:                                5.6026e+01    -1.0433e+01   +4.8851e-05  |      ---           ---           ---     
n=04:                                3.8087e+03    +1.6493e+03   -9.2670e-05  |      ---           ---           ---     
n=05:                                4.8060e+05    -1.1605e+05   +7.8245e-05  |      ---           ---           ---     
n=06:                                1.0204e+07    -9.9240e+06   +8.0293e-05  |      ---           ---           ---     
