--- multipoles on reference trajectory (rz > 0) ---
effective_length:                   632.6644997335483 mm
perpendicular_grid:                 65 points in [-12.000000,+12.000000] mm
max_fitting_error_normal            0.091/6246.896 G/G
max_fitting_error_skew              337.158/337.158 G/G
r0_for_relative_multipoles          12 mm
main_monomial                       n = 0, skew:False
                                       Nn(s=0)      Integ_Nn     Nn/N0(@r0)   |    Sn(s=0)      Integ_Sn     Sn/S0(@r0)  
<multipole_order n>                    [T/m^n]      [T.m/m^n]        []       |    [T/m^n]      [T.m/m^n]        []      
n=00:                                5.3645e-01    -3.3939e-01   +1.0000e+00  |      ---           ---           ---     
n=01:                                7.3488e+00    +4.5501e+00   -1.6088e-01  |      ---           ---           ---     
n=02:                                1.0997e-01    +9.2224e-01   -3.9129e-04  |      ---           ---           ---     
n=03:                                3.1656e+01    -3.8884e+01   +1.9797e-04  |      ---           ---           ---     
n=04:                                2.7905e+03    +7.3199e+02   -4.4723e-05  |      ---           ---           ---     
n=05:                                4.0195e+05    -8.0410e+03   +5.8954e-06  |      ---           ---           ---     
n=06:                                1.4817e+07    -4.5237e+06   +3.9800e-05  |      ---           ---           ---     
