--- multipoles on reference trajectory (rz > 0) ---
effective_length:                   632.2288842657192 mm
perpendicular_grid:                 65 points in [-12.000000,+12.000000] mm
max_fitting_error_normal            0.111/4487.361 G/G
max_fitting_error_skew              336.272/336.272 G/G
r0_for_relative_multipoles          12 mm
main_monomial                       n = 0, skew:False
                                       Nn(s=0)      Integ_Nn     Nn/N0(@r0)   |    Sn(s=0)      Integ_Sn     Sn/S0(@r0)  
<multipole_order n>                    [T/m^n]      [T.m/m^n]        []       |    [T/m^n]      [T.m/m^n]        []      
n=00:                                5.3638e-01    -3.3911e-01   +1.0000e+00  |      ---           ---           ---     
n=01:                                7.3458e+00    +4.5486e+00   -1.6096e-01  |      ---           ---           ---     
n=02:                                8.9179e-02    +8.6710e-01   -3.6821e-04  |      ---           ---           ---     
n=03:                                5.5204e+01    -6.0023e+00   +3.0586e-05  |      ---           ---           ---     
n=04:                                4.3532e+02    +1.5214e+03   -9.3028e-05  |      ---           ---           ---     
n=05:                                3.9795e+05    -1.2919e+05   +9.4796e-05  |      ---           ---           ---     
n=06:                                9.6744e+06    -9.6711e+06   +8.5157e-05  |      ---           ---           ---     
