--- multipoles on reference trajectory (rz > 0) ---
effective_length:                   631.4501052654914 mm
perpendicular_grid:                 65 points in [-12.000000,+12.000000] mm
max_fitting_error_normal            0.091/6598.616 G/G
max_fitting_error_skew              348.663/348.663 G/G
r0_for_relative_multipoles          12 mm
main_monomial                       n = 0, skew:False
                                       Nn(s=0)      Integ_Nn     Nn/N0(@r0)   |    Sn(s=0)      Integ_Sn     Sn/S0(@r0)  
<multipole_order n>                    [T/m^n]      [T.m/m^n]        []       |    [T/m^n]      [T.m/m^n]        []      
n=00:                                5.6509e-01    -3.5682e-01   +1.0000e+00  |      ---           ---           ---     
n=01:                                7.7361e+00    +4.7811e+00   -1.6079e-01  |      ---           ---           ---     
n=02:                                9.4260e-01    +7.5914e-01   -3.0636e-04  |      ---           ---           ---     
n=03:                                9.2400e+01    -3.6745e+01   +1.7794e-04  |      ---           ---           ---     
n=04:                                8.3511e+03    +1.1889e+03   -6.9091e-05  |      ---           ---           ---     
n=05:                                3.3240e+05    -7.5303e+03   +5.2513e-06  |      ---           ---           ---     
n=06:                                4.3920e+07    -7.3231e+06   +6.1281e-05  |      ---           ---           ---     
