--- multipoles on reference trajectory (rz > 0) ---
effective_length:                   632.3035954516611 mm
perpendicular_grid:                 65 points in [-12.000000,+12.000000] mm
max_fitting_error_normal            0.087/4728.565 G/G
max_fitting_error_skew              350.890/350.890 G/G
r0_for_relative_multipoles          12 mm
main_monomial                       n = 0, skew:False
                                       Nn(s=0)      Integ_Nn     Nn/N0(@r0)   |    Sn(s=0)      Integ_Sn     Sn/S0(@r0)  
<multipole_order n>                    [T/m^n]      [T.m/m^n]        []       |    [T/m^n]      [T.m/m^n]        []      
n=00:                                5.6497e-01    -3.5723e-01   +1.0000e+00  |      ---           ---           ---     
n=01:                                7.7421e+00    +4.7887e+00   -1.6086e-01  |      ---           ---           ---     
n=02:                                3.3030e-02    +9.5618e-01   -3.8544e-04  |      ---           ---           ---     
n=03:                                3.1963e+01    -3.0674e+01   +1.4838e-04  |      ---           ---           ---     
n=04:                                2.0437e+03    -7.0406e+02   +4.0868e-05  |      ---           ---           ---     
n=05:                                3.5469e+04    -5.8933e+04   +4.1051e-05  |      ---           ---           ---     
n=06:                                2.7882e+06    -7.2296e+05   +6.0430e-06  |      ---           ---           ---     
