--- multipoles on reference trajectory (rz > 0) ---
effective_length:                   631.8430301393627 mm
perpendicular_grid:                 65 points in [-12.000000,+12.000000] mm
max_fitting_error_normal            0.088/4766.639 G/G
max_fitting_error_skew              358.886/358.886 G/G
r0_for_relative_multipoles          17.5 mm
main_monomial                       n = 0, skew:False
                                       Nn(s=0)      Integ_Nn     Nn/N0(@r0)   |    Sn(s=0)      Integ_Sn     Sn/S0(@r0)  
<multipole_order n>                    [T/m^n]      [T.m/m^n]        []       |    [T/m^n]      [T.m/m^n]        []      
n=00:                                5.6624e-01    -3.5778e-01   +1.0000e+00  |      ---           ---           ---     
n=01:                                7.7315e+00    +4.7830e+00   -2.3395e-01  |      ---           ---           ---     
n=02:                                7.6573e-01    +9.7642e-01   -8.3580e-04  |      ---           ---           ---     
n=03:                                2.5309e+01    -2.8150e+01   +4.2168e-04  |      ---           ---           ---     
n=04:                                9.2430e+03    -2.0907e+02   +5.4806e-05  |      ---           ---           ---     
n=05:                                2.2032e+04    -3.3466e+04   +1.5353e-04  |      ---           ---           ---     
n=06:                                5.0208e+07    -4.8269e+05   +3.8751e-05  |      ---           ---           ---     
