--- multipoles on reference trajectory (rz > 0) ---
effective_length:                   631.2899943016489 mm
perpendicular_grid:                 65 points in [-12.000000,+12.000000] mm
max_fitting_error_normal            0.090/5580.087 G/G
max_fitting_error_skew              338.272/338.272 G/G
r0_for_relative_multipoles          12 mm
main_monomial                       n = 0, skew:False
                                       Nn(s=0)      Integ_Nn     Nn/N0(@r0)   |    Sn(s=0)      Integ_Sn     Sn/S0(@r0)  
<multipole_order n>                    [T/m^n]      [T.m/m^n]        []       |    [T/m^n]      [T.m/m^n]        []      
n=00:                                5.3679e-01    -3.3887e-01   +1.0000e+00  |      ---           ---           ---     
n=01:                                7.3527e+00    +4.5454e+00   -1.6096e-01  |      ---           ---           ---     
n=02:                                6.0407e-02    +9.4908e-01   -4.0330e-04  |      ---           ---           ---     
n=03:                                6.6254e-01    -2.7929e+01   +1.4242e-04  |      ---           ---           ---     
n=04:                                2.8394e+03    +1.6730e+03   -1.0237e-04  |      ---           ---           ---     
n=05:                                1.1941e+05    -1.8003e+04   +1.3220e-05  |      ---           ---           ---     
n=06:                                2.7071e+07    -1.0821e+07   +9.5345e-05  |      ---           ---           ---     
