--- multipoles on reference trajectory (rz > 0) ---
effective_length:                   631.6695138094847 mm
perpendicular_grid:                 65 points in [-12.000000,+12.000000] mm
max_fitting_error_normal            0.065/6279.759 G/G
max_fitting_error_skew              342.335/342.335 G/G
r0_for_relative_multipoles          12 mm
main_monomial                       n = 0, skew:False
                                       Nn(s=0)      Integ_Nn     Nn/N0(@r0)   |    Sn(s=0)      Integ_Sn     Sn/S0(@r0)  
<multipole_order n>                    [T/m^n]      [T.m/m^n]        []       |    [T/m^n]      [T.m/m^n]        []      
n=00:                                5.3839e-01    -3.4008e-01   +1.0000e+00  |      ---           ---           ---     
n=01:                                7.3566e+00    +4.5526e+00   -1.6064e-01  |      ---           ---           ---     
n=02:                                3.8799e-01    +1.0984e+00   -4.6511e-04  |      ---           ---           ---     
n=03:                                4.6473e+01    -3.2433e+01   +1.6479e-04  |      ---           ---           ---     
n=04:                                3.6824e+03    -7.5521e+02   +4.6048e-05  |      ---           ---           ---     
n=05:                                3.5418e+05    +1.7134e+04   -1.2537e-05  |      ---           ---           ---     
n=06:                                1.9360e+07    +8.8063e+05   -7.7321e-06  |      ---           ---           ---     
