--- multipoles on reference trajectory (rz > 0) ---
effective_length:                   630.8520529773732 mm
perpendicular_grid:                 65 points in [-12.000000,+12.000000] mm
max_fitting_error_normal            0.078/6919.097 G/G
max_fitting_error_skew              373.245/373.245 G/G
r0_for_relative_multipoles          12 mm
main_monomial                       n = 0, skew:False
                                       Nn(s=0)      Integ_Nn     Nn/N0(@r0)   |    Sn(s=0)      Integ_Sn     Sn/S0(@r0)  
<multipole_order n>                    [T/m^n]      [T.m/m^n]        []       |    [T/m^n]      [T.m/m^n]        []      
n=00:                                5.9230e-01    -3.7365e-01   +1.0000e+00  |      ---           ---           ---     
n=01:                                8.1063e+00    +5.0085e+00   -1.6085e-01  |      ---           ---           ---     
n=02:                                3.4963e-03    +1.0771e+00   -4.1510e-04  |      ---           ---           ---     
n=03:                                6.1585e+01    -2.3430e+01   +1.0836e-04  |      ---           ---           ---     
n=04:                                1.2760e+03    -3.9305e+02   +2.1813e-05  |      ---           ---           ---     
n=05:                                4.3711e+05    -5.7501e+04   +3.8293e-05  |      ---           ---           ---     
n=06:                                5.2841e+06    -8.9525e+05   +7.1542e-06  |      ---           ---           ---     
