--- multipoles on reference trajectory (rz > 0) ---
effective_length:                   629.7326615472566 mm
perpendicular_grid:                 65 points in [-12.000000,+12.000000] mm
max_fitting_error_normal            0.078/6913.386 G/G
max_fitting_error_skew              364.700/364.700 G/G
r0_for_relative_multipoles          12 mm
main_monomial                       n = 0, skew:False
                                       Nn(s=0)      Integ_Nn     Nn/N0(@r0)   |    Sn(s=0)      Integ_Sn     Sn/S0(@r0)  
<multipole_order n>                    [T/m^n]      [T.m/m^n]        []       |    [T/m^n]      [T.m/m^n]        []      
n=00:                                5.9308e-01    -3.7348e-01   +1.0000e+00  |      ---           ---           ---     
n=01:                                8.1209e+00    +5.0097e+00   -1.6096e-01  |      ---           ---           ---     
n=02:                                4.5365e-01    +9.9018e-01   -3.8178e-04  |      ---           ---           ---     
n=03:                                6.0979e+01    -4.5942e+01   +2.1256e-04  |      ---           ---           ---     
n=04:                                2.0823e+03    -4.7296e+02   +2.6259e-05  |      ---           ---           ---     
n=05:                                7.2837e+04    -1.0849e+04   +7.2284e-06  |      ---           ---           ---     
n=06:                                1.1703e+07    +5.4654e+05   -4.3696e-06  |      ---           ---           ---     
