--- multipoles on reference trajectory (rz > 0) ---
effective_length:                   631.360428155952 mm
perpendicular_grid:                 65 points in [-12.000000,+12.000000] mm
max_fitting_error_normal            0.053/4958.522 G/G
max_fitting_error_skew              364.277/364.277 G/G
r0_for_relative_multipoles          12 mm
main_monomial                       n = 0, skew:False
                                       Nn(s=0)      Integ_Nn     Nn/N0(@r0)   |    Sn(s=0)      Integ_Sn     Sn/S0(@r0)  
<multipole_order n>                    [T/m^n]      [T.m/m^n]        []       |    [T/m^n]      [T.m/m^n]        []      
n=00:                                5.9292e-01    -3.7434e-01   +1.0000e+00  |      ---           ---           ---     
n=01:                                8.1103e+00    +5.0191e+00   -1.6089e-01  |      ---           ---           ---     
n=02:                                6.2388e-01    +7.7726e-01   -2.9899e-04  |      ---           ---           ---     
n=03:                                1.8059e+01    -4.7649e+01   +2.1995e-04  |      ---           ---           ---     
n=04:                                5.2199e+03    -7.7187e+01   +4.2756e-06  |      ---           ---           ---     
n=05:                                1.6682e+05    -2.7456e+04   +1.8250e-05  |      ---           ---           ---     
n=06:                                1.9965e+07    -1.1691e+06   +9.3258e-06  |      ---           ---           ---     
