--- multipoles on reference trajectory (rz > 0) ---
effective_length:                   630.5448328802521 mm
perpendicular_grid:                 65 points in [-12.000000,+12.000000] mm
max_fitting_error_normal            0.085/4740.503 G/G
max_fitting_error_skew              350.824/350.824 G/G
r0_for_relative_multipoles          12 mm
main_monomial                       n = 0, skew:False
                                       Nn(s=0)      Integ_Nn     Nn/N0(@r0)   |    Sn(s=0)      Integ_Sn     Sn/S0(@r0)  
<multipole_order n>                    [T/m^n]      [T.m/m^n]        []       |    [T/m^n]      [T.m/m^n]        []      
n=00:                                5.6487e-01    -3.5618e-01   +1.0000e+00  |      ---           ---           ---     
n=01:                                7.7421e+00    +4.7813e+00   -1.6109e-01  |      ---           ---           ---     
n=02:                                3.3299e-02    +1.1110e+00   -4.4917e-04  |      ---           ---           ---     
n=03:                                3.2259e+01    -1.5812e+01   +7.6713e-05  |      ---           ---           ---     
n=04:                                2.0677e+03    -5.4431e+01   +3.1689e-06  |      ---           ---           ---     
n=05:                                3.4201e+04    -9.9971e+04   +6.9841e-05  |      ---           ---           ---     
n=06:                                2.6598e+06    -3.8355e+06   +3.2154e-05  |      ---           ---           ---     
