--- multipoles on reference trajectory (rz > 0) ---
effective_length:                   630.7019264089892 mm
perpendicular_grid:                 65 points in [-12.000000,+12.000000] mm
max_fitting_error_normal            0.108/4959.574 G/G
max_fitting_error_skew              365.811/365.811 G/G
r0_for_relative_multipoles          12 mm
main_monomial                       n = 0, skew:False
                                       Nn(s=0)      Integ_Nn     Nn/N0(@r0)   |    Sn(s=0)      Integ_Sn     Sn/S0(@r0)  
<multipole_order n>                    [T/m^n]      [T.m/m^n]        []       |    [T/m^n]      [T.m/m^n]        []      
n=00:                                5.9297e-01    -3.7399e-01   +1.0000e+00  |      ---           ---           ---     
n=01:                                8.1010e+00    +5.0107e+00   -1.6078e-01  |      ---           ---           ---     
n=02:                                1.6107e+00    +6.0584e-01   -2.3327e-04  |      ---           ---           ---     
n=03:                                6.1190e+01    -2.8685e+01   +1.3254e-04  |      ---           ---           ---     
n=04:                                1.2245e+04    +3.7005e+03   -2.0518e-04  |      ---           ---           ---     
n=05:                                5.1952e+05    -6.4534e+04   +4.2937e-05  |      ---           ---           ---     
n=06:                                5.7979e+07    -1.6054e+07   +1.2818e-04  |      ---           ---           ---     
