--- multipoles on reference trajectory (rz > 0) ---
effective_length:                   631.5992357039989 mm
perpendicular_grid:                 65 points in [-12.000000,+12.000000] mm
max_fitting_error_normal            0.075/4504.173 G/G
max_fitting_error_skew              331.795/331.795 G/G
r0_for_relative_multipoles          12 mm
main_monomial                       n = 0, skew:False
                                       Nn(s=0)      Integ_Nn     Nn/N0(@r0)   |    Sn(s=0)      Integ_Sn     Sn/S0(@r0)  
<multipole_order n>                    [T/m^n]      [T.m/m^n]        []       |    [T/m^n]      [T.m/m^n]        []      
n=00:                                5.3650e-01    -3.3885e-01   +1.0000e+00  |      ---           ---           ---     
n=01:                                7.3471e+00    +4.5446e+00   -1.6094e-01  |      ---           ---           ---     
n=02:                                1.6149e-01    +9.4795e-01   -4.0285e-04  |      ---           ---           ---     
n=03:                                2.9059e+01    -1.0965e+01   +5.5917e-05  |      ---           ---           ---     
n=04:                                5.6971e+02    -2.9651e+02   +1.8145e-05  |      ---           ---           ---     
n=05:                                2.5153e+05    -8.9562e+04   +6.5769e-05  |      ---           ---           ---     
n=06:                                1.5189e+07    -1.6729e+06   +1.4741e-05  |      ---           ---           ---     
