--- multipoles on reference trajectory (rz > 0) ---
effective_length:                   630.176617027716 mm
perpendicular_grid:                 65 points in [-12.000000,+12.000000] mm
max_fitting_error_normal            0.123/4752.816 G/G
max_fitting_error_skew              351.061/351.061 G/G
r0_for_relative_multipoles          12 mm
main_monomial                       n = 0, skew:False
                                       Nn(s=0)      Integ_Nn     Nn/N0(@r0)   |    Sn(s=0)      Integ_Sn     Sn/S0(@r0)  
<multipole_order n>                    [T/m^n]      [T.m/m^n]        []       |    [T/m^n]      [T.m/m^n]        []      
n=00:                                5.6506e-01    -3.5609e-01   +1.0000e+00  |      ---           ---           ---     
n=01:                                7.7445e+00    +4.7838e+00   -1.6121e-01  |      ---           ---           ---     
n=02:                                5.6968e-01    +1.2619e+00   -5.1032e-04  |      ---           ---           ---     
n=03:                                4.4681e+01    -3.1105e+01   +1.5094e-04  |      ---           ---           ---     
n=04:                                7.4147e+03    -6.6768e+02   +3.8881e-05  |      ---           ---           ---     
n=05:                                3.5050e+04    -3.5504e+03   +2.4810e-06  |      ---           ---           ---     
n=06:                                4.0636e+07    -6.4380e+05   +5.3986e-06  |      ---           ---           ---     
