--- multipoles on reference trajectory (rz > 0) ---
effective_length:                   631.4193522772257 mm
perpendicular_grid:                 65 points in [-12.000000,+12.000000] mm
max_fitting_error_normal            0.101/6616.700 G/G
max_fitting_error_skew              349.649/349.649 G/G
r0_for_relative_multipoles          12 mm
main_monomial                       n = 0, skew:False
                                       Nn(s=0)      Integ_Nn     Nn/N0(@r0)   |    Sn(s=0)      Integ_Sn     Sn/S0(@r0)  
<multipole_order n>                    [T/m^n]      [T.m/m^n]        []       |    [T/m^n]      [T.m/m^n]        []      
n=00:                                5.6689e-01    -3.5795e-01   +1.0000e+00  |      ---           ---           ---     
n=01:                                7.7364e+00    +4.7806e+00   -1.6027e-01  |      ---           ---           ---     
n=02:                                8.3423e-01    +7.9460e-01   -3.1967e-04  |      ---           ---           ---     
n=03:                                9.4915e+01    -3.6789e+01   +1.7760e-04  |      ---           ---           ---     
n=04:                                6.8890e+03    +9.5829e+02   -5.5514e-05  |      ---           ---           ---     
n=05:                                3.5537e+05    -5.3542e+03   +3.7221e-06  |      ---           ---           ---     
n=06:                                3.7713e+07    -5.9259e+06   +4.9434e-05  |      ---           ---           ---     
