--- multipoles on reference trajectory (rz > 0) ---
effective_length:                   629.0002958054249 mm
perpendicular_grid:                 65 points in [-12.000000,+12.000000] mm
max_fitting_error_normal            0.070/4769.569 G/G
max_fitting_error_skew              348.390/348.390 G/G
r0_for_relative_multipoles          12 mm
main_monomial                       n = 0, skew:False
                                       Nn(s=0)      Integ_Nn     Nn/N0(@r0)   |    Sn(s=0)      Integ_Sn     Sn/S0(@r0)  
<multipole_order n>                    [T/m^n]      [T.m/m^n]        []       |    [T/m^n]      [T.m/m^n]        []      
n=00:                                5.6505e-01    -3.5542e-01   +1.0000e+00  |      ---           ---           ---     
n=01:                                7.7316e+00    +4.7672e+00   -1.6096e-01  |      ---           ---           ---     
n=02:                                4.5865e-01    +9.0487e-01   -3.6661e-04  |      ---           ---           ---     
n=03:                                3.9571e+01    -3.8450e+01   +1.8694e-04  |      ---           ---           ---     
n=04:                                1.4842e+03    +8.4171e+02   -4.9108e-05  |      ---           ---           ---     
n=05:                                1.5963e+04    +2.9226e+03   -2.0462e-06  |      ---           ---           ---     
n=06:                                1.1743e+07    -6.7585e+06   +5.6781e-05  |      ---           ---           ---     
