--- multipoles on reference trajectory (rz > 0) ---
effective_length:                   631.1488528518734 mm
perpendicular_grid:                 65 points in [-12.000000,+12.000000] mm
max_fitting_error_normal            0.102/6271.253 G/G
max_fitting_error_skew              332.420/332.420 G/G
r0_for_relative_multipoles          12 mm
main_monomial                       n = 0, skew:False
                                       Nn(s=0)      Integ_Nn     Nn/N0(@r0)   |    Sn(s=0)      Integ_Sn     Sn/S0(@r0)  
<multipole_order n>                    [T/m^n]      [T.m/m^n]        []       |    [T/m^n]      [T.m/m^n]        []      
n=00:                                5.3874e-01    -3.4002e-01   +1.0000e+00  |      ---           ---           ---     
n=01:                                7.3597e+00    +4.5488e+00   -1.6053e-01  |      ---           ---           ---     
n=02:                                1.6321e+00    +6.1244e-01   -2.5937e-04  |      ---           ---           ---     
n=03:                                7.4370e+01    -4.8518e+01   +2.4657e-04  |      ---           ---           ---     
n=04:                                1.6947e+04    +3.9011e+03   -2.3791e-04  |      ---           ---           ---     
n=05:                                1.5348e+05    +2.5340e+04   -1.8544e-05  |      ---           ---           ---     
n=06:                                8.0978e+07    -1.9170e+07   +1.6834e-04  |      ---           ---           ---     
