--- multipoles on reference trajectory (rz > 0) ---
effective_length:                   631.3444892874237 mm
perpendicular_grid:                 65 points in [-12.000000,+12.000000] mm
max_fitting_error_normal            0.070/4723.835 G/G
max_fitting_error_skew              355.865/355.865 G/G
r0_for_relative_multipoles          12 mm
main_monomial                       n = 0, skew:False
                                       Nn(s=0)      Integ_Nn     Nn/N0(@r0)   |    Sn(s=0)      Integ_Sn     Sn/S0(@r0)  
<multipole_order n>                    [T/m^n]      [T.m/m^n]        []       |    [T/m^n]      [T.m/m^n]        []      
n=00:                                5.6443e-01    -3.5635e-01   +1.0000e+00  |      ---           ---           ---     
n=01:                                7.7327e+00    +4.7784e+00   -1.6091e-01  |      ---           ---           ---     
n=02:                                1.6355e-01    +9.8070e-01   -3.9630e-04  |      ---           ---           ---     
n=03:                                1.8728e+01    -1.8970e+01   +9.1991e-05  |      ---           ---           ---     
n=04:                                5.6439e+03    +1.8725e+03   -1.0896e-04  |      ---           ---           ---     
n=05:                                2.5384e+05    -6.3054e+04   +4.4030e-05  |      ---           ---           ---     
n=06:                                3.6863e+07    -1.1516e+07   +9.6494e-05  |      ---           ---           ---     
