--- multipoles on reference trajectory (rz > 0) ---
effective_length:                   631.0632273232204 mm
perpendicular_grid:                 65 points in [-12.000000,+12.000000] mm
max_fitting_error_normal            0.060/6594.764 G/G
max_fitting_error_skew              348.537/348.537 G/G
r0_for_relative_multipoles          17.5 mm
main_monomial                       n = 0, skew:False
                                       Nn(s=0)      Integ_Nn     Nn/N0(@r0)   |    Sn(s=0)      Integ_Sn     Sn/S0(@r0)  
<multipole_order n>                    [T/m^n]      [T.m/m^n]        []       |    [T/m^n]      [T.m/m^n]        []      
n=00:                                5.6663e-01    -3.5758e-01   +1.0000e+00  |      ---           ---           ---     
n=01:                                7.7283e+00    +4.7788e+00   -2.3388e-01  |      ---           ---           ---     
n=02:                                4.3650e-01    +8.2555e-01   -7.0705e-04  |      ---           ---           ---     
n=03:                                4.3787e+01    -2.8658e+01   +4.2953e-04  |      ---           ---           ---     
n=04:                                2.5023e+03    +8.1176e+02   -2.1292e-04  |      ---           ---           ---     
n=05:                                3.5043e+05    -5.4464e+04   +2.4999e-04  |      ---           ---           ---     
n=06:                                1.2679e+07    -3.1492e+06   +2.5296e-04  |      ---           ---           ---     
