--- multipoles on reference trajectory (rz > 0) ---
effective_length:                   631.1302784690613 mm
perpendicular_grid:                 65 points in [-12.000000,+12.000000] mm
max_fitting_error_normal            0.094/4737.347 G/G
max_fitting_error_skew              348.994/348.994 G/G
r0_for_relative_multipoles          12 mm
main_monomial                       n = 0, skew:False
                                       Nn(s=0)      Integ_Nn     Nn/N0(@r0)   |    Sn(s=0)      Integ_Sn     Sn/S0(@r0)  
<multipole_order n>                    [T/m^n]      [T.m/m^n]        []       |    [T/m^n]      [T.m/m^n]        []      
n=00:                                5.6527e-01    -3.5676e-01   +1.0000e+00  |      ---           ---           ---     
n=01:                                7.7425e+00    +4.7865e+00   -1.6100e-01  |      ---           ---           ---     
n=02:                                5.5794e-01    +9.8976e-01   -3.9950e-04  |      ---           ---           ---     
n=03:                                1.3185e+01    -1.8050e+01   +8.7426e-05  |      ---           ---           ---     
n=04:                                8.3044e+03    +1.2595e+02   -7.3205e-06  |      ---           ---           ---     
n=05:                                8.1463e+04    -6.6870e+04   +4.6640e-05  |      ---           ---           ---     
n=06:                                4.7579e+07    -4.8954e+06   +4.0973e-05  |      ---           ---           ---     
