--- multipoles on reference trajectory (rz > 0) ---
effective_length:                   630.8796709500558 mm
perpendicular_grid:                 65 points in [-12.000000,+12.000000] mm
max_fitting_error_normal            0.081/6606.382 G/G
max_fitting_error_skew              347.616/347.616 G/G
r0_for_relative_multipoles          12 mm
main_monomial                       n = 0, skew:False
                                       Nn(s=0)      Integ_Nn     Nn/N0(@r0)   |    Sn(s=0)      Integ_Sn     Sn/S0(@r0)  
<multipole_order n>                    [T/m^n]      [T.m/m^n]        []       |    [T/m^n]      [T.m/m^n]        []      
n=00:                                5.6465e-01    -3.5623e-01   +1.0000e+00  |      ---           ---           ---     
n=01:                                7.7326e+00    +4.7781e+00   -1.6095e-01  |      ---           ---           ---     
n=02:                                7.1413e-01    +9.2649e-01   -3.7452e-04  |      ---           ---           ---     
n=03:                                9.6784e+00    -3.5541e+01   +1.7240e-04  |      ---           ---           ---     
n=04:                                4.7726e+03    +7.5765e+02   -4.4103e-05  |      ---           ---           ---     
n=05:                                1.3794e+05    -2.1229e+04   +1.4829e-05  |      ---           ---           ---     
n=06:                                2.2524e+07    -5.5903e+06   +4.6859e-05  |      ---           ---           ---     
