--- multipoles on reference trajectory (rz > 0) ---
effective_length:                   632.0818626225935 mm
perpendicular_grid:                 65 points in [-12.000000,+12.000000] mm
max_fitting_error_normal            0.080/6254.304 G/G
max_fitting_error_skew              330.857/330.857 G/G
r0_for_relative_multipoles          12 mm
main_monomial                       n = 0, skew:False
                                       Nn(s=0)      Integ_Nn     Nn/N0(@r0)   |    Sn(s=0)      Integ_Sn     Sn/S0(@r0)  
<multipole_order n>                    [T/m^n]      [T.m/m^n]        []       |    [T/m^n]      [T.m/m^n]        []      
n=00:                                5.3660e-01    -3.3917e-01   +1.0000e+00  |      ---           ---           ---     
n=01:                                7.3487e+00    +4.5495e+00   -1.6096e-01  |      ---           ---           ---     
n=02:                                3.4416e-01    +8.5509e-01   -3.6304e-04  |      ---           ---           ---     
n=03:                                2.4316e+01    -4.3384e+01   +2.2103e-04  |      ---           ---           ---     
n=04:                                2.8945e+02    +4.0824e+02   -2.4958e-05  |      ---           ---           ---     
n=05:                                6.1814e+04    +4.1461e+04   -3.0417e-05  |      ---           ---           ---     
n=06:                                8.4828e+06    -3.1279e+06   +2.7537e-05  |      ---           ---           ---     
