--- multipoles on reference trajectory (rz > 0) ---
effective_length:                   632.3838482017327 mm
perpendicular_grid:                 65 points in [-12.000000,+12.000000] mm
max_fitting_error_normal            0.093/4484.972 G/G
max_fitting_error_skew              330.202/330.202 G/G
r0_for_relative_multipoles          12 mm
main_monomial                       n = 0, skew:False
                                       Nn(s=0)      Integ_Nn     Nn/N0(@r0)   |    Sn(s=0)      Integ_Sn     Sn/S0(@r0)  
<multipole_order n>                    [T/m^n]      [T.m/m^n]        []       |    [T/m^n]      [T.m/m^n]        []      
n=00:                                5.3641e-01    -3.3922e-01   +1.0000e+00  |      ---           ---           ---     
n=01:                                7.3514e+00    +4.5478e+00   -1.6088e-01  |      ---           ---           ---     
n=02:                                4.0234e-01    +7.0484e-01   -2.9921e-04  |      ---           ---           ---     
n=03:                                7.3697e+01    -1.3262e+01   +6.7559e-05  |      ---           ---           ---     
n=04:                                4.3254e+03    +2.4661e+03   -1.5075e-04  |      ---           ---           ---     
n=05:                                4.9307e+05    -8.5306e+04   +6.2576e-05  |      ---           ---           ---     
n=06:                                1.9633e+07    -1.0601e+07   +9.3316e-05  |      ---           ---           ---     
