--- multipoles on reference trajectory (rz > 0) ---
effective_length:                   631.2311402597118 mm
perpendicular_grid:                 65 points in [-12.000000,+12.000000] mm
max_fitting_error_normal            0.081/6852.013 G/G
max_fitting_error_skew              364.216/364.216 G/G
r0_for_relative_multipoles          12 mm
main_monomial                       n = 0, skew:False
                                       Nn(s=0)      Integ_Nn     Nn/N0(@r0)   |    Sn(s=0)      Integ_Sn     Sn/S0(@r0)  
<multipole_order n>                    [T/m^n]      [T.m/m^n]        []       |    [T/m^n]      [T.m/m^n]        []      
n=00:                                5.9305e-01    -3.7435e-01   +1.0000e+00  |      ---           ---           ---     
n=01:                                8.1236e+00    +5.0218e+00   -1.6097e-01  |      ---           ---           ---     
n=02:                                8.8777e-01    +1.0398e+00   -3.9996e-04  |      ---           ---           ---     
n=03:                                5.7973e-01    -3.0415e+01   +1.4039e-04  |      ---           ---           ---     
n=04:                                4.5272e+03    +9.2154e+02   -5.1045e-05  |      ---           ---           ---     
n=05:                                2.6729e+05    -1.0271e+05   +6.8270e-05  |      ---           ---           ---     
n=06:                                1.4612e+07    -4.4367e+06   +3.5389e-05  |      ---           ---           ---     
