--- multipoles on reference trajectory (rz > 0) ---
effective_length:                   629.1558439101098 mm
perpendicular_grid:                 65 points in [-12.000000,+12.000000] mm
max_fitting_error_normal            0.085/4741.444 G/G
max_fitting_error_skew              350.875/350.875 G/G
r0_for_relative_multipoles          12 mm
main_monomial                       n = 0, skew:False
                                       Nn(s=0)      Integ_Nn     Nn/N0(@r0)   |    Sn(s=0)      Integ_Sn     Sn/S0(@r0)  
<multipole_order n>                    [T/m^n]      [T.m/m^n]        []       |    [T/m^n]      [T.m/m^n]        []      
n=00:                                5.6497e-01    -3.5545e-01   +1.0000e+00  |      ---           ---           ---     
n=01:                                7.7421e+00    +4.7709e+00   -1.6107e-01  |      ---           ---           ---     
n=02:                                3.3030e-02    +1.1043e+00   -4.4736e-04  |      ---           ---           ---     
n=03:                                3.1963e+01    -1.5711e+01   +7.6377e-05  |      ---           ---           ---     
n=04:                                2.0437e+03    -4.5477e+01   +2.6530e-06  |      ---           ---           ---     
n=05:                                3.5469e+04    -9.9747e+04   +6.9827e-05  |      ---           ---           ---     
n=06:                                2.7882e+06    -3.8539e+06   +3.2375e-05  |      ---           ---           ---     
