--- multipoles on reference trajectory (rz > 0) ---
effective_length:                   631.1656720346507 mm
perpendicular_grid:                 65 points in [-12.000000,+12.000000] mm
max_fitting_error_normal            0.084/5870.606 G/G
max_fitting_error_skew              349.876/349.876 G/G
r0_for_relative_multipoles          12 mm
main_monomial                       n = 0, skew:False
                                       Nn(s=0)      Integ_Nn     Nn/N0(@r0)   |    Sn(s=0)      Integ_Sn     Sn/S0(@r0)  
<multipole_order n>                    [T/m^n]      [T.m/m^n]        []       |    [T/m^n]      [T.m/m^n]        []      
n=00:                                5.6442e-01    -3.5624e-01   +1.0000e+00  |      ---           ---           ---     
n=01:                                7.7378e+00    +4.7770e+00   -1.6091e-01  |      ---           ---           ---     
n=02:                                3.3885e-01    +1.0832e+00   -4.3785e-04  |      ---           ---           ---     
n=03:                                4.4373e+01    -2.7340e+01   +1.3262e-04  |      ---           ---           ---     
n=04:                                6.6088e+03    +5.2040e+01   -3.0291e-06  |      ---           ---           ---     
n=05:                                8.9313e+04    -2.7938e+04   +1.9514e-05  |      ---           ---           ---     
n=06:                                3.9930e+07    -2.2748e+06   +1.9067e-05  |      ---           ---           ---     
