--- multipoles on reference trajectory (rz > 0) ---
effective_length:                   631.5504307736089 mm
perpendicular_grid:                 65 points in [-12.000000,+12.000000] mm
max_fitting_error_normal            0.073/4521.188 G/G
max_fitting_error_skew              332.724/332.724 G/G
r0_for_relative_multipoles          12 mm
main_monomial                       n = 0, skew:False
                                       Nn(s=0)      Integ_Nn     Nn/N0(@r0)   |    Sn(s=0)      Integ_Sn     Sn/S0(@r0)  
<multipole_order n>                    [T/m^n]      [T.m/m^n]        []       |    [T/m^n]      [T.m/m^n]        []      
n=00:                                5.3821e-01    -3.3991e-01   +1.0000e+00  |      ---           ---           ---     
n=01:                                7.3469e+00    +4.5440e+00   -1.6042e-01  |      ---           ---           ---     
n=02:                                1.1719e-01    +9.5814e-01   -4.0591e-04  |      ---           ---           ---     
n=03:                                3.3317e+01    -1.0303e+01   +5.2380e-05  |      ---           ---           ---     
n=04:                                2.8394e+02    -2.5969e+02   +1.5843e-05  |      ---           ---           ---     
n=05:                                2.5865e+05    -9.0486e+04   +6.6241e-05  |      ---           ---           ---     
n=06:                                1.8443e+07    -1.2754e+06   +1.1204e-05  |      ---           ---           ---     
