--- multipoles on reference trajectory (rz > 0) ---
effective_length:                   630.0208058808972 mm
perpendicular_grid:                 65 points in [-12.000000,+12.000000] mm
max_fitting_error_normal            0.118/4736.785 G/G
max_fitting_error_skew              363.721/363.721 G/G
r0_for_relative_multipoles          12 mm
main_monomial                       n = 0, skew:False
                                       Nn(s=0)      Integ_Nn     Nn/N0(@r0)   |    Sn(s=0)      Integ_Sn     Sn/S0(@r0)  
<multipole_order n>                    [T/m^n]      [T.m/m^n]        []       |    [T/m^n]      [T.m/m^n]        []      
n=00:                                5.6447e-01    -3.5563e-01   +1.0000e+00  |      ---           ---           ---     
n=01:                                7.7255e+00    +4.7644e+00   -1.6077e-01  |      ---           ---           ---     
n=02:                                4.2706e-01    +8.7743e-01   -3.5529e-04  |      ---           ---           ---     
n=03:                                7.8947e+01    -1.3850e+01   +6.7298e-05  |      ---           ---           ---     
n=04:                                5.5678e+03    +2.2439e+03   -1.3084e-04  |      ---           ---           ---     
n=05:                                6.6917e+05    -1.1866e+05   +8.3028e-05  |      ---           ---           ---     
n=06:                                3.5161e+07    -1.4160e+07   +1.1889e-04  |      ---           ---           ---     
