--- multipoles on reference trajectory (rz > 0) ---
effective_length:                   632.5805698422483 mm
perpendicular_grid:                 65 points in [-12.000000,+12.000000] mm
max_fitting_error_normal            0.088/6605.931 G/G
max_fitting_error_skew              363.471/363.471 G/G
r0_for_relative_multipoles          17.5 mm
main_monomial                       n = 0, skew:False
                                       Nn(s=0)      Integ_Nn     Nn/N0(@r0)   |    Sn(s=0)      Integ_Sn     Sn/S0(@r0)  
<multipole_order n>                    [T/m^n]      [T.m/m^n]        []       |    [T/m^n]      [T.m/m^n]        []      
n=00:                                5.6658e-01    -3.5841e-01   +1.0000e+00  |      ---           ---           ---     
n=01:                                7.7365e+00    +4.7918e+00   -2.3397e-01  |      ---           ---           ---     
n=02:                                2.0794e-01    +1.0055e+00   -8.5916e-04  |      ---           ---           ---     
n=03:                                3.8925e+01    -2.7441e+01   +4.1034e-04  |      ---           ---           ---     
n=04:                                6.4921e+03    +9.4479e+02   -2.4724e-04  |      ---           ---           ---     
n=05:                                2.9568e+05    -3.1777e+04   +1.4552e-04  |      ---           ---           ---     
n=06:                                2.4162e+07    -5.1665e+06   +4.1405e-04  |      ---           ---           ---     
