--- multipoles on reference trajectory (rz > 0) ---
effective_length:                   631.3403500072677 mm
perpendicular_grid:                 65 points in [-12.000000,+12.000000] mm
max_fitting_error_normal            0.081/6260.142 G/G
max_fitting_error_skew              330.295/330.295 G/G
r0_for_relative_multipoles          12 mm
main_monomial                       n = 0, skew:False
                                       Nn(s=0)      Integ_Nn     Nn/N0(@r0)   |    Sn(s=0)      Integ_Sn     Sn/S0(@r0)  
<multipole_order n>                    [T/m^n]      [T.m/m^n]        []       |    [T/m^n]      [T.m/m^n]        []      
n=00:                                5.3659e-01    -3.3877e-01   +1.0000e+00  |      ---           ---           ---     
n=01:                                7.3450e+00    +4.5435e+00   -1.6094e-01  |      ---           ---           ---     
n=02:                                7.6750e-01    +6.3520e-01   -2.7000e-04  |      ---           ---           ---     
n=03:                                6.5856e+01    -4.3951e+01   +2.2418e-04  |      ---           ---           ---     
n=04:                                4.2261e+03    +2.0641e+03   -1.2634e-04  |      ---           ---           ---     
n=05:                                5.2164e+05    +3.0416e+04   -2.2341e-05  |      ---           ---           ---     
n=06:                                1.5842e+07    -9.7260e+06   +8.5726e-05  |      ---           ---           ---     
