--- multipoles on reference trajectory (rz > 0) ---
effective_length:                   630.3450922618053 mm
perpendicular_grid:                 65 points in [-12.000000,+12.000000] mm
max_fitting_error_normal            0.103/6912.488 G/G
max_fitting_error_skew              368.690/368.690 G/G
r0_for_relative_multipoles          12 mm
main_monomial                       n = 0, skew:False
                                       Nn(s=0)      Integ_Nn     Nn/N0(@r0)   |    Sn(s=0)      Integ_Sn     Sn/S0(@r0)  
<multipole_order n>                    [T/m^n]      [T.m/m^n]        []       |    [T/m^n]      [T.m/m^n]        []      
n=00:                                5.9289e-01    -3.7373e-01   +1.0000e+00  |      ---           ---           ---     
n=01:                                8.1192e+00    +5.0122e+00   -1.6094e-01  |      ---           ---           ---     
n=02:                                2.8779e-01    +1.1068e+00   -4.2645e-04  |      ---           ---           ---     
n=03:                                2.1500e+01    -1.4803e+01   +6.8446e-05  |      ---           ---           ---     
n=04:                                2.4467e+03    +1.9934e+03   -1.1060e-04  |      ---           ---           ---     
n=05:                                2.9453e+05    -1.0271e+05   +6.8383e-05  |      ---           ---           ---     
n=06:                                1.8685e+07    -9.7682e+06   +7.8045e-05  |      ---           ---           ---     
