--- multipoles on reference trajectory (rz > 0) ---
effective_length:                   631.4462458997327 mm
perpendicular_grid:                 65 points in [-12.000000,+12.000000] mm
max_fitting_error_normal            0.062/6573.690 G/G
max_fitting_error_skew              349.515/349.515 G/G
r0_for_relative_multipoles          12 mm
main_monomial                       n = 0, skew:False
                                       Nn(s=0)      Integ_Nn     Nn/N0(@r0)   |    Sn(s=0)      Integ_Sn     Sn/S0(@r0)  
<multipole_order n>                    [T/m^n]      [T.m/m^n]        []       |    [T/m^n]      [T.m/m^n]        []      
n=00:                                5.6447e-01    -3.5643e-01   +1.0000e+00  |      ---           ---           ---     
n=01:                                7.7313e+00    +4.7818e+00   -1.6099e-01  |      ---           ---           ---     
n=02:                                7.4037e-01    +8.9658e-01   -3.6223e-04  |      ---           ---           ---     
n=03:                                4.2096e+00    -5.0675e+01   +2.4568e-04  |      ---           ---           ---     
n=04:                                2.7238e+02    -1.6922e+01   +9.8446e-07  |      ---           ---           ---     
n=05:                                1.9729e+05    +2.2566e+04   -1.5754e-05  |      ---           ---           ---     
n=06:                                7.5705e+06    -5.6517e+05   +4.7347e-06  |      ---           ---           ---     
