--- multipoles on reference trajectory (rz > 0) ---
effective_length:                   631.2524010956815 mm
perpendicular_grid:                 65 points in [-12.000000,+12.000000] mm
max_fitting_error_normal            0.086/4732.656 G/G
max_fitting_error_skew              353.214/353.214 G/G
r0_for_relative_multipoles          12 mm
main_monomial                       n = 0, skew:False
                                       Nn(s=0)      Integ_Nn     Nn/N0(@r0)   |    Sn(s=0)      Integ_Sn     Sn/S0(@r0)  
<multipole_order n>                    [T/m^n]      [T.m/m^n]        []       |    [T/m^n]      [T.m/m^n]        []      
n=00:                                5.6428e-01    -3.5620e-01   +1.0000e+00  |      ---           ---           ---     
n=01:                                7.7356e+00    +4.7822e+00   -1.6111e-01  |      ---           ---           ---     
n=02:                                1.1011e+00    +1.0553e+00   -4.2663e-04  |      ---           ---           ---     
n=03:                                6.0701e+00    -4.1261e+01   +2.0017e-04  |      ---           ---           ---     
n=04:                                1.4383e+04    +8.0232e+02   -4.6706e-05  |      ---           ---           ---     
n=05:                                1.4484e+05    +4.0992e+04   -2.8636e-05  |      ---           ---           ---     
n=06:                                5.9952e+07    -2.9705e+06   +2.4901e-05  |      ---           ---           ---     
