--- multipoles on reference trajectory (rz > 0) ---
effective_length:                   631.2265062550973 mm
perpendicular_grid:                 65 points in [-12.000000,+12.000000] mm
max_fitting_error_normal            0.104/5771.203 G/G
max_fitting_error_skew              367.512/367.512 G/G
r0_for_relative_multipoles          17.5 mm
main_monomial                       n = 0, skew:False
                                       Nn(s=0)      Integ_Nn     Nn/N0(@r0)   |    Sn(s=0)      Integ_Sn     Sn/S0(@r0)  
<multipole_order n>                    [T/m^n]      [T.m/m^n]        []       |    [T/m^n]      [T.m/m^n]        []      
n=00:                                5.9502e-01    -3.7559e-01   +1.0000e+00  |      ---           ---           ---     
n=01:                                8.1177e+00    +5.0156e+00   -2.3369e-01  |      ---           ---           ---     
n=02:                                1.0753e+00    +8.5752e-01   -6.9920e-04  |      ---           ---           ---     
n=03:                                1.0294e+01    -4.0740e+01   +5.8133e-04  |      ---           ---           ---     
n=04:                                7.8928e+03    +1.3648e+03   -3.4079e-04  |      ---           ---           ---     
n=05:                                3.6692e+05    -5.6714e+04   +2.4783e-04  |      ---           ---           ---     
n=06:                                3.6105e+07    -6.4097e+06   +4.9017e-04  |      ---           ---           ---     
