--- multipoles on reference trajectory (rz > 0) ---
effective_length:                   629.8813142189969 mm
perpendicular_grid:                 65 points in [-12.000000,+12.000000] mm
max_fitting_error_normal            0.094/4653.291 G/G
max_fitting_error_skew              349.048/349.048 G/G
r0_for_relative_multipoles          17.5 mm
main_monomial                       n = 0, skew:False
                                       Nn(s=0)      Integ_Nn     Nn/N0(@r0)   |    Sn(s=0)      Integ_Sn     Sn/S0(@r0)  
<multipole_order n>                    [T/m^n]      [T.m/m^n]        []       |    [T/m^n]      [T.m/m^n]        []      
n=00:                                5.6693e-01    -3.5710e-01   +1.0000e+00  |      ---           ---           ---     
n=01:                                7.7424e+00    +4.7794e+00   -2.3422e-01  |      ---           ---           ---     
n=02:                                5.8068e-01    +9.1896e-01   -7.8811e-04  |      ---           ---           ---     
n=03:                                2.5250e+01    -2.5680e+01   +3.8541e-04  |      ---           ---           ---     
n=04:                                8.5651e+03    +2.6162e+03   -6.8713e-04  |      ---           ---           ---     
n=05:                                2.5488e+05    -3.6506e+04   +1.6779e-04  |      ---           ---           ---     
n=06:                                4.3139e+07    -1.2462e+07   +1.0023e-03  |      ---           ---           ---     
