--- multipoles on reference trajectory (rz > 0) ---
effective_length:                   632.2455974282558 mm
perpendicular_grid:                 65 points in [-12.000000,+12.000000] mm
max_fitting_error_normal            0.130/6613.415 G/G
max_fitting_error_skew              348.020/348.020 G/G
r0_for_relative_multipoles          17.5 mm
main_monomial                       n = 0, skew:False
                                       Nn(s=0)      Integ_Nn     Nn/N0(@r0)   |    Sn(s=0)      Integ_Sn     Sn/S0(@r0)  
<multipole_order n>                    [T/m^n]      [T.m/m^n]        []       |    [T/m^n]      [T.m/m^n]        []      
n=00:                                5.6651e-01    -3.5818e-01   +1.0000e+00  |      ---           ---           ---     
n=01:                                7.7285e+00    +4.7810e+00   -2.3359e-01  |      ---           ---           ---     
n=02:                                8.0715e-02    +8.6133e-01   -7.3646e-04  |      ---           ---           ---     
n=03:                                2.4283e+01    -1.3830e+01   +2.0694e-04  |      ---           ---           ---     
n=04:                                4.8616e+03    +4.9881e+02   -1.3061e-04  |      ---           ---           ---     
n=05:                                1.6940e+04    -9.4876e+04   +4.3476e-04  |      ---           ---           ---     
n=06:                                7.8985e+06    -4.0646e+06   +3.2595e-04  |      ---           ---           ---     
