--- multipoles on reference trajectory (rz > 0) ---
effective_length:                   632.0556219037408 mm
perpendicular_grid:                 65 points in [-12.000000,+12.000000] mm
max_fitting_error_normal            0.091/4502.801 G/G
max_fitting_error_skew              345.827/345.827 G/G
r0_for_relative_multipoles          12 mm
main_monomial                       n = 0, skew:False
                                       Nn(s=0)      Integ_Nn     Nn/N0(@r0)   |    Sn(s=0)      Integ_Sn     Sn/S0(@r0)  
<multipole_order n>                    [T/m^n]      [T.m/m^n]        []       |    [T/m^n]      [T.m/m^n]        []      
n=00:                                5.3813e-01    -3.4013e-01   +1.0000e+00  |      ---           ---           ---     
n=01:                                7.3406e+00    +4.5452e+00   -1.6036e-01  |      ---           ---           ---     
n=02:                                9.1048e-01    +6.3310e-01   -2.6803e-04  |      ---           ---           ---     
n=03:                                3.0799e+01    -2.3407e+01   +1.1892e-04  |      ---           ---           ---     
n=04:                                5.6774e+03    +2.0231e+03   -1.2334e-04  |      ---           ---           ---     
n=05:                                3.1630e+05    -6.6995e+04   +4.9013e-05  |      ---           ---           ---     
n=06:                                2.5130e+07    -8.8547e+06   +7.7736e-05  |      ---           ---           ---     
