--- multipoles on reference trajectory (rz > 0) ---
effective_length:                   632.4937321397607 mm
perpendicular_grid:                 65 points in [-12.000000,+12.000000] mm
max_fitting_error_normal            0.110/5875.394 G/G
max_fitting_error_skew              355.237/355.237 G/G
r0_for_relative_multipoles          12 mm
main_monomial                       n = 0, skew:False
                                       Nn(s=0)      Integ_Nn     Nn/N0(@r0)   |    Sn(s=0)      Integ_Sn     Sn/S0(@r0)  
<multipole_order n>                    [T/m^n]      [T.m/m^n]        []       |    [T/m^n]      [T.m/m^n]        []      
n=00:                                5.6440e-01    -3.5698e-01   +1.0000e+00  |      ---           ---           ---     
n=01:                                7.7330e+00    +4.7852e+00   -1.6086e-01  |      ---           ---           ---     
n=02:                                2.8740e-01    +8.3382e-01   -3.3635e-04  |      ---           ---           ---     
n=03:                                1.4299e+01    -2.8513e+01   +1.3802e-04  |      ---           ---           ---     
n=04:                                1.1621e+03    +2.7882e+03   -1.6196e-04  |      ---           ---           ---     
n=05:                                2.4322e+05    -4.5157e+04   +3.1477e-05  |      ---           ---           ---     
n=06:                                1.4386e+07    -1.4708e+07   +1.2303e-04  |      ---           ---           ---     
