--- multipoles on reference trajectory (rz > 0) ---
effective_length:                   630.1841306083928 mm
perpendicular_grid:                 65 points in [-12.000000,+12.000000] mm
max_fitting_error_normal            0.062/6931.106 G/G
max_fitting_error_skew              366.115/366.115 G/G
r0_for_relative_multipoles          12 mm
main_monomial                       n = 0, skew:False
                                       Nn(s=0)      Integ_Nn     Nn/N0(@r0)   |    Sn(s=0)      Integ_Sn     Sn/S0(@r0)  
<multipole_order n>                    [T/m^n]      [T.m/m^n]        []       |    [T/m^n]      [T.m/m^n]        []      
n=00:                                5.9282e-01    -3.7359e-01   +1.0000e+00  |      ---           ---           ---     
n=01:                                8.1103e+00    +5.0111e+00   -1.6096e-01  |      ---           ---           ---     
n=02:                                6.2287e-01    +7.7245e-01   -2.9774e-04  |      ---           ---           ---     
n=03:                                1.8291e+01    -4.4630e+01   +2.0644e-04  |      ---           ---           ---     
n=04:                                5.2710e+03    +7.8720e+02   -4.3694e-05  |      ---           ---           ---     
n=05:                                1.6553e+05    -4.0742e+04   +2.7137e-05  |      ---           ---           ---     
n=06:                                2.0206e+07    -4.3904e+06   +3.5091e-05  |      ---           ---           ---     
