--- multipoles on reference trajectory (rz > 0) ---
effective_length:                   631.8864353169336 mm
perpendicular_grid:                 65 points in [-12.000000,+12.000000] mm
max_fitting_error_normal            0.079/5873.870 G/G
max_fitting_error_skew              348.357/348.357 G/G
r0_for_relative_multipoles          12 mm
main_monomial                       n = 0, skew:False
                                       Nn(s=0)      Integ_Nn     Nn/N0(@r0)   |    Sn(s=0)      Integ_Sn     Sn/S0(@r0)  
<multipole_order n>                    [T/m^n]      [T.m/m^n]        []       |    [T/m^n]      [T.m/m^n]        []      
n=00:                                5.6465e-01    -3.5680e-01   +1.0000e+00  |      ---           ---           ---     
n=01:                                7.7326e+00    +4.7838e+00   -1.6089e-01  |      ---           ---           ---     
n=02:                                7.1413e-01    +8.8190e-01   -3.5593e-04  |      ---           ---           ---     
n=03:                                9.6784e+00    -3.5723e+01   +1.7301e-04  |      ---           ---           ---     
n=04:                                4.7726e+03    +1.4284e+03   -8.3017e-05  |      ---           ---           ---     
n=05:                                1.3794e+05    -1.0364e+04   +7.2279e-06  |      ---           ---           ---     
n=06:                                2.2524e+07    -6.5226e+06   +5.4586e-05  |      ---           ---           ---     
