--- multipoles on reference trajectory (rz > 0) ---
effective_length:                   630.1305051119616 mm
perpendicular_grid:                 65 points in [-12.000000,+12.000000] mm
max_fitting_error_normal            0.094/6258.366 G/G
max_fitting_error_skew              330.274/330.274 G/G
r0_for_relative_multipoles          12 mm
main_monomial                       n = 0, skew:False
                                       Nn(s=0)      Integ_Nn     Nn/N0(@r0)   |    Sn(s=0)      Integ_Sn     Sn/S0(@r0)  
<multipole_order n>                    [T/m^n]      [T.m/m^n]        []       |    [T/m^n]      [T.m/m^n]        []      
n=00:                                5.3695e-01    -3.3835e-01   +1.0000e+00  |      ---           ---           ---     
n=01:                                7.3645e+00    +4.5484e+00   -1.6131e-01  |      ---           ---           ---     
n=02:                                5.1913e-01    +9.0926e-01   -3.8697e-04  |      ---           ---           ---     
n=03:                                1.7315e+01    -3.0765e+01   +1.5712e-04  |      ---           ---           ---     
n=04:                                4.1602e+03    +7.7333e+02   -4.7394e-05  |      ---           ---           ---     
n=05:                                8.6161e+04    -4.3782e+04   +3.2198e-05  |      ---           ---           ---     
n=06:                                2.5117e+07    -6.2670e+06   +5.5307e-05  |      ---           ---           ---     
