--- multipoles on reference trajectory (rz > 0) ---
effective_length:                   630.4427561382951 mm
perpendicular_grid:                 65 points in [-12.000000,+12.000000] mm
max_fitting_error_normal            0.104/6935.046 G/G
max_fitting_error_skew              372.067/372.067 G/G
r0_for_relative_multipoles          12 mm
main_monomial                       n = 0, skew:False
                                       Nn(s=0)      Integ_Nn     Nn/N0(@r0)   |    Sn(s=0)      Integ_Sn     Sn/S0(@r0)  
<multipole_order n>                    [T/m^n]      [T.m/m^n]        []       |    [T/m^n]      [T.m/m^n]        []      
n=00:                                5.9244e-01    -3.7350e-01   +1.0000e+00  |      ---           ---           ---     
n=01:                                8.1114e+00    +5.0053e+00   -1.6081e-01  |      ---           ---           ---     
n=02:                                2.9313e-01    +1.0876e+00   -4.1931e-04  |      ---           ---           ---     
n=03:                                9.1812e+00    -1.9302e+01   +8.9301e-05  |      ---           ---           ---     
n=04:                                5.9476e+03    +6.9885e+02   -3.8799e-05  |      ---           ---           ---     
n=05:                                7.5956e+04    -7.0560e+04   +4.7009e-05  |      ---           ---           ---     
n=06:                                3.8335e+07    -4.6151e+06   +3.6896e-05  |      ---           ---           ---     
