--- multipoles on reference trajectory (rz > 0) ---
effective_length:                   631.7496016589229 mm
perpendicular_grid:                 65 points in [-12.000000,+12.000000] mm
max_fitting_error_normal            0.095/4722.500 G/G
max_fitting_error_skew              349.685/349.685 G/G
r0_for_relative_multipoles          12 mm
main_monomial                       n = 0, skew:False
                                       Nn(s=0)      Integ_Nn     Nn/N0(@r0)   |    Sn(s=0)      Integ_Sn     Sn/S0(@r0)  
<multipole_order n>                    [T/m^n]      [T.m/m^n]        []       |    [T/m^n]      [T.m/m^n]        []      
n=00:                                5.6496e-01    -3.5691e-01   +1.0000e+00  |      ---           ---           ---     
n=01:                                7.7386e+00    +4.7861e+00   -1.6092e-01  |      ---           ---           ---     
n=02:                                1.1722e+00    +9.2686e-01   -3.7395e-04  |      ---           ---           ---     
n=03:                                2.6728e+01    -4.2301e+01   +2.0480e-04  |      ---           ---           ---     
n=04:                                1.4950e+04    +3.2257e+03   -1.8741e-04  |      ---           ---           ---     
n=05:                                9.6979e+04    +2.2515e+04   -1.5697e-05  |      ---           ---           ---     
n=06:                                7.0178e+07    -1.7993e+07   +1.5053e-04  |      ---           ---           ---     
