--- multipoles on reference trajectory (rz > 0) ---
effective_length:                   631.2475894308654 mm
perpendicular_grid:                 65 points in [-12.000000,+12.000000] mm
max_fitting_error_normal            0.091/5646.188 G/G
max_fitting_error_skew              330.831/330.831 G/G
r0_for_relative_multipoles          12 mm
main_monomial                       n = 0, skew:False
                                       Nn(s=0)      Integ_Nn     Nn/N0(@r0)   |    Sn(s=0)      Integ_Sn     Sn/S0(@r0)  
<multipole_order n>                    [T/m^n]      [T.m/m^n]        []       |    [T/m^n]      [T.m/m^n]        []      
n=00:                                5.3854e-01    -3.3995e-01   +1.0000e+00  |      ---           ---           ---     
n=01:                                7.3514e+00    +4.5465e+00   -1.6049e-01  |      ---           ---           ---     
n=02:                                3.0861e-01    +8.8181e-01   -3.7353e-04  |      ---           ---           ---     
n=03:                                2.2792e+01    -3.4637e+01   +1.7606e-04  |      ---           ---           ---     
n=04:                                2.0563e+03    -2.1064e+01   +1.2848e-06  |      ---           ---           ---     
n=05:                                2.6515e+04    -1.0208e+04   +7.4722e-06  |      ---           ---           ---     
n=06:                                6.4962e+06    -4.7051e+06   +4.1328e-05  |      ---           ---           ---     
