--- multipoles on reference trajectory (rz > 0) ---
effective_length:                   632.082442990531 mm
perpendicular_grid:                 65 points in [-12.000000,+12.000000] mm
max_fitting_error_normal            0.111/6300.694 G/G
max_fitting_error_skew              332.430/332.430 G/G
r0_for_relative_multipoles          12 mm
main_monomial                       n = 0, skew:False
                                       Nn(s=0)      Integ_Nn     Nn/N0(@r0)   |    Sn(s=0)      Integ_Sn     Sn/S0(@r0)  
<multipole_order n>                    [T/m^n]      [T.m/m^n]        []       |    [T/m^n]      [T.m/m^n]        []      
n=00:                                5.3854e-01    -3.4040e-01   +1.0000e+00  |      ---           ---           ---     
n=01:                                7.3514e+00    +4.5525e+00   -1.6049e-01  |      ---           ---           ---     
n=02:                                3.0861e-01    +8.2195e-01   -3.4771e-04  |      ---           ---           ---     
n=03:                                2.2792e+01    -3.3984e+01   +1.7252e-04  |      ---           ---           ---     
n=04:                                2.0563e+03    -5.6197e+02   +3.4234e-05  |      ---           ---           ---     
n=05:                                2.6515e+04    -3.4133e+04   +2.4951e-05  |      ---           ---           ---     
n=06:                                6.4962e+06    -3.9149e+05   +3.4341e-06  |      ---           ---           ---     
