--- multipoles on reference trajectory (rz > 0) ---
effective_length:                   631.4487493131712 mm
perpendicular_grid:                 65 points in [-12.000000,+12.000000] mm
max_fitting_error_normal            0.062/6572.763 G/G
max_fitting_error_skew              349.465/349.465 G/G
r0_for_relative_multipoles          12 mm
main_monomial                       n = 0, skew:False
                                       Nn(s=0)      Integ_Nn     Nn/N0(@r0)   |    Sn(s=0)      Integ_Sn     Sn/S0(@r0)  
<multipole_order n>                    [T/m^n]      [T.m/m^n]        []       |    [T/m^n]      [T.m/m^n]        []      
n=00:                                5.6437e-01    -3.5637e-01   +1.0000e+00  |      ---           ---           ---     
n=01:                                7.7313e+00    +4.7818e+00   -1.6101e-01  |      ---           ---           ---     
n=02:                                7.3898e-01    +8.9485e-01   -3.6158e-04  |      ---           ---           ---     
n=03:                                4.2385e+00    -5.0675e+01   +2.4571e-04  |      ---           ---           ---     
n=04:                                3.1506e+02    -1.7867e+01   +1.0396e-06  |      ---           ---           ---     
n=05:                                1.9706e+05    +2.2518e+04   -1.5722e-05  |      ---           ---           ---     
n=06:                                7.7509e+06    -5.5174e+05   +4.6230e-06  |      ---           ---           ---     
