--- multipoles on reference trajectory (rz > 0) ---
effective_length:                   629.3184702191925 mm
perpendicular_grid:                 65 points in [-12.000000,+12.000000] mm
max_fitting_error_normal            0.116/6913.997 G/G
max_fitting_error_skew              371.036/371.036 G/G
r0_for_relative_multipoles          12 mm
main_monomial                       n = 0, skew:False
                                       Nn(s=0)      Integ_Nn     Nn/N0(@r0)   |    Sn(s=0)      Integ_Sn     Sn/S0(@r0)  
<multipole_order n>                    [T/m^n]      [T.m/m^n]        []       |    [T/m^n]      [T.m/m^n]        []      
n=00:                                5.9300e-01    -3.7319e-01   +1.0000e+00  |      ---           ---           ---     
n=01:                                8.1241e+00    +5.0006e+00   -1.6079e-01  |      ---           ---           ---     
n=02:                                3.7848e-01    +1.0828e+00   -4.1783e-04  |      ---           ---           ---     
n=03:                                4.1998e+01    -1.9010e+01   +8.8022e-05  |      ---           ---           ---     
n=04:                                8.2021e+03    +1.4441e+03   -8.0240e-05  |      ---           ---           ---     
n=05:                                4.3208e+04    -9.3482e+04   +6.2332e-05  |      ---           ---           ---     
n=06:                                2.3180e+07    -8.5171e+06   +6.8147e-05  |      ---           ---           ---     
