--- multipoles on reference trajectory (rz > 0) ---
effective_length:                   632.1577536179996 mm
perpendicular_grid:                 65 points in [-12.000000,+12.000000] mm
max_fitting_error_normal            0.084/6631.346 G/G
max_fitting_error_skew              348.951/348.951 G/G
r0_for_relative_multipoles          12 mm
main_monomial                       n = 0, skew:False
                                       Nn(s=0)      Integ_Nn     Nn/N0(@r0)   |    Sn(s=0)      Integ_Sn     Sn/S0(@r0)  
<multipole_order n>                    [T/m^n]      [T.m/m^n]        []       |    [T/m^n]      [T.m/m^n]        []      
n=00:                                5.6622e-01    -3.5794e-01   +1.0000e+00  |      ---           ---           ---     
n=01:                                7.7378e+00    +4.7819e+00   -1.6031e-01  |      ---           ---           ---     
n=02:                                3.0032e-01    +8.6347e-01   -3.4737e-04  |      ---           ---           ---     
n=03:                                4.4363e+01    -2.7738e+01   +1.3391e-04  |      ---           ---           ---     
n=04:                                6.3128e+03    +2.9274e+03   -1.6958e-04  |      ---           ---           ---     
n=05:                                9.9562e+04    -5.3872e+04   +3.7451e-05  |      ---           ---           ---     
n=06:                                3.8843e+07    -1.4646e+07   +1.2218e-04  |      ---           ---           ---     
