--- multipoles on reference trajectory (rz > 0) ---
effective_length:                   629.5834237223423 mm
perpendicular_grid:                 65 points in [-12.000000,+12.000000] mm
max_fitting_error_normal            0.078/4965.021 G/G
max_fitting_error_skew              373.623/373.623 G/G
r0_for_relative_multipoles          12 mm
main_monomial                       n = 0, skew:False
                                       Nn(s=0)      Integ_Nn     Nn/N0(@r0)   |    Sn(s=0)      Integ_Sn     Sn/S0(@r0)  
<multipole_order n>                    [T/m^n]      [T.m/m^n]        []       |    [T/m^n]      [T.m/m^n]        []      
n=00:                                5.9300e-01    -3.7334e-01   +1.0000e+00  |      ---           ---           ---     
n=01:                                8.1212e+00    +5.0087e+00   -1.6099e-01  |      ---           ---           ---     
n=02:                                6.7038e-01    +1.0995e+00   -4.2409e-04  |      ---           ---           ---     
n=03:                                4.3940e+01    -4.3227e+01   +2.0008e-04  |      ---           ---           ---     
n=04:                                6.2688e+03    +7.5528e+02   -4.1950e-05  |      ---           ---           ---     
n=05:                                4.3355e+04    -4.0363e+03   +2.6902e-06  |      ---           ---           ---     
n=06:                                3.5218e+07    -7.5070e+06   +6.0041e-05  |      ---           ---           ---     
