--- multipoles on reference trajectory (rz > 0) ---
effective_length:                   630.293879668369 mm
perpendicular_grid:                 65 points in [-12.000000,+12.000000] mm
max_fitting_error_normal            0.089/4952.527 G/G
max_fitting_error_skew              376.138/376.138 G/G
r0_for_relative_multipoles          12 mm
main_monomial                       n = 0, skew:False
                                       Nn(s=0)      Integ_Nn     Nn/N0(@r0)   |    Sn(s=0)      Integ_Sn     Sn/S0(@r0)  
<multipole_order n>                    [T/m^n]      [T.m/m^n]        []       |    [T/m^n]      [T.m/m^n]        []      
n=00:                                5.9244e-01    -3.7341e-01   +1.0000e+00  |      ---           ---           ---     
n=01:                                8.1174e+00    +5.0064e+00   -1.6088e-01  |      ---           ---           ---     
n=02:                                6.8292e-01    +1.3353e+00   -5.1494e-04  |      ---           ---           ---     
n=03:                                1.3226e+02    -3.1989e+01   +1.4803e-04  |      ---           ---           ---     
n=04:                                1.1497e+04    -3.7409e+03   +2.0774e-04  |      ---           ---           ---     
n=05:                                5.6709e+05    -2.1310e+04   +1.4200e-05  |      ---           ---           ---     
n=06:                                3.2869e+07    +1.2699e+07   -1.0154e-04  |      ---           ---           ---     
