--- multipoles on reference trajectory (rz > 0) ---
effective_length:                   629.9748167057413 mm
perpendicular_grid:                 65 points in [-12.000000,+12.000000] mm
max_fitting_error_normal            0.073/4985.708 G/G
max_fitting_error_skew              370.236/370.236 G/G
r0_for_relative_multipoles          12 mm
main_monomial                       n = 0, skew:False
                                       Nn(s=0)      Integ_Nn     Nn/N0(@r0)   |    Sn(s=0)      Integ_Sn     Sn/S0(@r0)  
<multipole_order n>                    [T/m^n]      [T.m/m^n]        []       |    [T/m^n]      [T.m/m^n]        []      
n=00:                                5.9266e-01    -3.7336e-01   +1.0000e+00  |      ---           ---           ---     
n=01:                                8.1129e+00    +5.0063e+00   -1.6091e-01  |      ---           ---           ---     
n=02:                                3.0379e-01    +1.0247e+00   -3.9523e-04  |      ---           ---           ---     
n=03:                                6.1010e+00    -3.2380e+01   +1.4986e-04  |      ---           ---           ---     
n=04:                                2.4467e+03    +2.4730e+03   -1.3735e-04  |      ---           ---           ---     
n=05:                                1.0363e+05    -3.3277e+04   +2.2178e-05  |      ---           ---           ---     
n=06:                                1.2131e+07    -1.0863e+07   +8.6880e-05  |      ---           ---           ---     
