--- multipoles on reference trajectory (rz > 0) ---
effective_length:                   631.0994933736812 mm
perpendicular_grid:                 65 points in [-12.000000,+12.000000] mm
max_fitting_error_normal            0.091/6584.840 G/G
max_fitting_error_skew              348.739/348.739 G/G
r0_for_relative_multipoles          12 mm
main_monomial                       n = 0, skew:False
                                       Nn(s=0)      Integ_Nn     Nn/N0(@r0)   |    Sn(s=0)      Integ_Sn     Sn/S0(@r0)  
<multipole_order n>                    [T/m^n]      [T.m/m^n]        []       |    [T/m^n]      [T.m/m^n]        []      
n=00:                                5.6480e-01    -3.5644e-01   +1.0000e+00  |      ---           ---           ---     
n=01:                                7.7381e+00    +4.7808e+00   -1.6095e-01  |      ---           ---           ---     
n=02:                                4.2548e-01    +1.0766e+00   -4.3495e-04  |      ---           ---           ---     
n=03:                                1.8135e+01    -3.6382e+01   +1.7637e-04  |      ---           ---           ---     
n=04:                                3.8873e+03    +6.4353e+02   -3.7437e-05  |      ---           ---           ---     
n=05:                                1.6064e+05    -2.3860e+04   +1.6656e-05  |      ---           ---           ---     
n=06:                                1.8103e+07    -6.1766e+06   +5.1743e-05  |      ---           ---           ---     
