--- multipoles on reference trajectory (rz > 0) ---
effective_length:                   630.6655269647598 mm
perpendicular_grid:                 65 points in [-12.000000,+12.000000] mm
max_fitting_error_normal            0.071/4506.000 G/G
max_fitting_error_skew              334.107/334.107 G/G
r0_for_relative_multipoles          12 mm
main_monomial                       n = 0, skew:False
                                       Nn(s=0)      Integ_Nn     Nn/N0(@r0)   |    Sn(s=0)      Integ_Sn     Sn/S0(@r0)  
<multipole_order n>                    [T/m^n]      [T.m/m^n]        []       |    [T/m^n]      [T.m/m^n]        []      
n=00:                                5.3884e-01    -3.3983e-01   +1.0000e+00  |      ---           ---           ---     
n=01:                                7.3588e+00    +4.5467e+00   -1.6055e-01  |      ---           ---           ---     
n=02:                                1.2212e-01    +1.1107e+00   -4.7067e-04  |      ---           ---           ---     
n=03:                                1.8804e+00    -3.2713e+01   +1.6634e-04  |      ---           ---           ---     
n=04:                                2.9661e+03    +4.6458e+02   -2.8348e-05  |      ---           ---           ---     
n=05:                                1.8156e+05    -1.3806e+04   +1.0109e-05  |      ---           ---           ---     
n=06:                                2.3505e+07    -4.4393e+06   +3.9008e-05  |      ---           ---           ---     
