--- multipoles on reference trajectory (rz > 0) ---
effective_length:                   630.7916248554665 mm
perpendicular_grid:                 65 points in [-12.000000,+12.000000] mm
max_fitting_error_normal            0.071/4755.062 G/G
max_fitting_error_skew              347.785/347.785 G/G
r0_for_relative_multipoles          12 mm
main_monomial                       n = 0, skew:False
                                       Nn(s=0)      Integ_Nn     Nn/N0(@r0)   |    Sn(s=0)      Integ_Sn     Sn/S0(@r0)  
<multipole_order n>                    [T/m^n]      [T.m/m^n]        []       |    [T/m^n]      [T.m/m^n]        []      
n=00:                                5.6566e-01    -3.5682e-01   +1.0000e+00  |      ---           ---           ---     
n=01:                                7.7491e+00    +4.7883e+00   -1.6103e-01  |      ---           ---           ---     
n=02:                                6.0906e-02    +1.1850e+00   -4.7825e-04  |      ---           ---           ---     
n=03:                                4.7104e+01    -3.4222e+01   +1.6573e-04  |      ---           ---           ---     
n=04:                                1.1406e+03    +1.0025e+03   -5.8257e-05  |      ---           ---           ---     
n=05:                                1.8486e+04    -1.9207e+04   +1.3395e-05  |      ---           ---           ---     
n=06:                                1.3235e+07    -8.6362e+06   +7.2271e-05  |      ---           ---           ---     
