--- multipoles on reference trajectory (rz > 0) ---
effective_length:                   630.4935003999377 mm
perpendicular_grid:                 65 points in [-12.000000,+12.000000] mm
max_fitting_error_normal            0.078/4759.328 G/G
max_fitting_error_skew              351.847/351.847 G/G
r0_for_relative_multipoles          12 mm
main_monomial                       n = 0, skew:False
                                       Nn(s=0)      Integ_Nn     Nn/N0(@r0)   |    Sn(s=0)      Integ_Sn     Sn/S0(@r0)  
<multipole_order n>                    [T/m^n]      [T.m/m^n]        []       |    [T/m^n]      [T.m/m^n]        []      
n=00:                                5.6677e-01    -3.5734e-01   +1.0000e+00  |      ---           ---           ---     
n=01:                                7.7420e+00    +4.7806e+00   -1.6054e-01  |      ---           ---           ---     
n=02:                                2.7952e-02    +1.1165e+00   -4.4994e-04  |      ---           ---           ---     
n=03:                                2.6341e+01    -1.4782e+01   +7.1479e-05  |      ---           ---           ---     
n=04:                                1.6100e+03    +2.1032e+02   -1.2205e-05  |      ---           ---           ---     
n=05:                                5.9121e+04    -1.0194e+05   +7.0987e-05  |      ---           ---           ---     
n=06:                                5.0019e+06    -4.6608e+06   +3.8946e-05  |      ---           ---           ---     
