--- multipoles on reference trajectory (rz > 0) ---
effective_length:                   631.3810421617658 mm
perpendicular_grid:                 65 points in [-12.000000,+12.000000] mm
max_fitting_error_normal            0.075/5590.956 G/G
max_fitting_error_skew              333.978/333.978 G/G
r0_for_relative_multipoles          12 mm
main_monomial                       n = 0, skew:False
                                       Nn(s=0)      Integ_Nn     Nn/N0(@r0)   |    Sn(s=0)      Integ_Sn     Sn/S0(@r0)  
<multipole_order n>                    [T/m^n]      [T.m/m^n]        []       |    [T/m^n]      [T.m/m^n]        []      
n=00:                                5.3841e-01    -3.3994e-01   +1.0000e+00  |      ---           ---           ---     
n=01:                                7.3519e+00    +4.5464e+00   -1.6049e-01  |      ---           ---           ---     
n=02:                                4.1846e-01    +1.0149e+00   -4.2989e-04  |      ---           ---           ---     
n=03:                                8.2887e+01    -3.7039e+01   +1.8828e-04  |      ---           ---           ---     
n=04:                                2.8434e+03    -1.0808e+03   +6.5927e-05  |      ---           ---           ---     
n=05:                                2.7585e+05    +3.3444e+03   -2.4481e-06  |      ---           ---           ---     
n=06:                                1.9024e+07    +1.8644e+06   -1.6377e-05  |      ---           ---           ---     
