--- multipoles on reference trajectory (rz > 0) ---
effective_length:                   629.9286265361064 mm
perpendicular_grid:                 65 points in [-12.000000,+12.000000] mm
max_fitting_error_normal            0.093/4637.826 G/G
max_fitting_error_skew              348.091/348.091 G/G
r0_for_relative_multipoles          12 mm
main_monomial                       n = 0, skew:False
                                       Nn(s=0)      Integ_Nn     Nn/N0(@r0)   |    Sn(s=0)      Integ_Sn     Sn/S0(@r0)  
<multipole_order n>                    [T/m^n]      [T.m/m^n]        []       |    [T/m^n]      [T.m/m^n]        []      
n=00:                                5.6512e-01    -3.5599e-01   +1.0000e+00  |      ---           ---           ---     
n=01:                                7.7422e+00    +4.7799e+00   -1.6113e-01  |      ---           ---           ---     
n=02:                                5.3713e-01    +8.9850e-01   -3.6345e-04  |      ---           ---           ---     
n=03:                                2.8594e+01    -2.4263e+01   +1.1778e-04  |      ---           ---           ---     
n=04:                                7.6410e+03    +2.6422e+03   -1.5390e-04  |      ---           ---           ---     
n=05:                                2.8141e+05    -4.6547e+04   +3.2536e-05  |      ---           ---           ---     
n=06:                                3.9562e+07    -1.2896e+07   +1.0817e-04  |      ---           ---           ---     
