--- multipoles on reference trajectory (rz > 0) ---
effective_length:                   631.2192522786289 mm
perpendicular_grid:                 65 points in [-12.000000,+12.000000] mm
max_fitting_error_normal            0.090/6588.663 G/G
max_fitting_error_skew              362.506/362.506 G/G
r0_for_relative_multipoles          12 mm
main_monomial                       n = 0, skew:False
                                       Nn(s=0)      Integ_Nn     Nn/N0(@r0)   |    Sn(s=0)      Integ_Sn     Sn/S0(@r0)  
<multipole_order n>                    [T/m^n]      [T.m/m^n]        []       |    [T/m^n]      [T.m/m^n]        []      
n=00:                                5.6478e-01    -3.5650e-01   +1.0000e+00  |      ---           ---           ---     
n=01:                                7.7366e+00    +4.7819e+00   -1.6096e-01  |      ---           ---           ---     
n=02:                                2.5921e-01    +9.8338e-01   -3.9722e-04  |      ---           ---           ---     
n=03:                                3.3813e+01    -2.6870e+01   +1.3024e-04  |      ---           ---           ---     
n=04:                                7.4609e+03    +8.0993e+02   -4.7110e-05  |      ---           ---           ---     
n=05:                                2.6963e+05    -3.6161e+04   +2.5240e-05  |      ---           ---           ---     
n=06:                                2.7902e+07    -4.6092e+06   +3.8606e-05  |      ---           ---           ---     
