--- multipoles on reference trajectory (rz > 0) ---
effective_length:                   631.5100272688369 mm
perpendicular_grid:                 41 points in [-10.000000,+10.000000] mm
max_fitting_error_normal            0.015/4491.443 G/G
max_fitting_error_skew              0.000/0.000 G/G
r0_for_relative_multipoles          12 mm
main_monomial                       n = 0, skew:False
                                       Nn(s=0)      Integ_Nn     Nn/N0(@r0)   |    Sn(s=0)      Integ_Sn     Sn/S0(@r0)  
<multipole_order n>                    [T/m^n]      [T.m/m^n]        []       |    [T/m^n]      [T.m/m^n]        []      
n=00:                                5.6449e-01    -3.5773e-01   +1.0000e+00  |      ---           ---           ---     
n=01:                                7.7432e+00    +4.7968e+00   -1.6091e-01  |      ---           ---           ---     
n=02:                                4.5566e-01    +1.0455e+00   -4.2085e-04  |      ---           ---           ---     
n=03:                                1.6746e+01    -2.6095e+01   +1.2605e-04  |      ---           ---           ---     
n=04:                                3.7648e+02    -2.2231e+02   +1.2886e-05  |      ---           ---           ---     
n=05:                                3.3216e+04    -2.5959e+04   +1.8057e-05  |      ---           ---           ---     
n=06:                                1.1813e+06    -6.4069e+05   +5.3479e-06  |      ---           ---           ---     
