--- multipoles on reference trajectory (rz > 0) ---
effective_length:                   631.0731482590197 mm
perpendicular_grid:                 65 points in [-12.000000,+12.000000] mm
max_fitting_error_normal            0.077/4758.029 G/G
max_fitting_error_skew              355.382/355.382 G/G
r0_for_relative_multipoles          12 mm
main_monomial                       n = 0, skew:False
                                       Nn(s=0)      Integ_Nn     Nn/N0(@r0)   |    Sn(s=0)      Integ_Sn     Sn/S0(@r0)  
<multipole_order n>                    [T/m^n]      [T.m/m^n]        []       |    [T/m^n]      [T.m/m^n]        []      
n=00:                                5.6431e-01    -3.5612e-01   +1.0000e+00  |      ---           ---           ---     
n=01:                                7.7330e+00    +4.7787e+00   -1.6103e-01  |      ---           ---           ---     
n=02:                                2.8596e-01    +9.2483e-01   -3.7396e-04  |      ---           ---           ---     
n=03:                                1.4199e+01    -2.1458e+01   +1.0412e-04  |      ---           ---           ---     
n=04:                                1.1245e+03    +4.9073e+02   -2.8574e-05  |      ---           ---           ---     
n=05:                                2.4309e+05    -8.1303e+04   +5.6809e-05  |      ---           ---           ---     
n=06:                                1.4252e+07    -3.8663e+06   +3.2419e-05  |      ---           ---           ---     
