--- multipoles on reference trajectory (rz > 0) ---
effective_length:                   629.3177638808672 mm
perpendicular_grid:                 65 points in [-12.000000,+12.000000] mm
max_fitting_error_normal            0.079/4504.746 G/G
max_fitting_error_skew              330.201/330.201 G/G
r0_for_relative_multipoles          12 mm
main_monomial                       n = 0, skew:False
                                       Nn(s=0)      Integ_Nn     Nn/N0(@r0)   |    Sn(s=0)      Integ_Sn     Sn/S0(@r0)  
<multipole_order n>                    [T/m^n]      [T.m/m^n]        []       |    [T/m^n]      [T.m/m^n]        []      
n=00:                                5.3659e-01    -3.3769e-01   +1.0000e+00  |      ---           ---           ---     
n=01:                                7.3450e+00    +4.5310e+00   -1.6101e-01  |      ---           ---           ---     
n=02:                                7.6750e-01    +7.2380e-01   -3.0865e-04  |      ---           ---           ---     
n=03:                                6.5856e+01    -3.4128e+01   +1.7464e-04  |      ---           ---           ---     
n=04:                                4.2261e+03    +2.0865e+03   -1.2812e-04  |      ---           ---           ---     
n=05:                                5.2164e+05    -1.5473e+04   +1.1401e-05  |      ---           ---           ---     
n=06:                                1.5842e+07    -1.1039e+07   +9.7611e-05  |      ---           ---           ---     
