--- multipoles on reference trajectory (rz > 0) ---
effective_length:                   632.0557724141528 mm
perpendicular_grid:                 65 points in [-12.000000,+12.000000] mm
max_fitting_error_normal            0.078/4980.480 G/G
max_fitting_error_skew              365.706/365.706 G/G
r0_for_relative_multipoles          12 mm
main_monomial                       n = 0, skew:False
                                       Nn(s=0)      Integ_Nn     Nn/N0(@r0)   |    Sn(s=0)      Integ_Sn     Sn/S0(@r0)  
<multipole_order n>                    [T/m^n]      [T.m/m^n]        []       |    [T/m^n]      [T.m/m^n]        []      
n=00:                                5.9458e-01    -3.7581e-01   +1.0000e+00  |      ---           ---           ---     
n=01:                                8.1097e+00    +5.0144e+00   -1.6012e-01  |      ---           ---           ---     
n=02:                                8.0806e-01    +9.0111e-01   -3.4528e-04  |      ---           ---           ---     
n=03:                                3.5451e+00    -3.0891e+01   +1.4204e-04  |      ---           ---           ---     
n=04:                                7.3270e+03    +2.2729e+03   -1.2541e-04  |      ---           ---           ---     
n=05:                                1.9120e+05    -5.9231e+04   +3.9218e-05  |      ---           ---           ---     
n=06:                                3.5805e+07    -1.0921e+07   +8.6773e-05  |      ---           ---           ---     
