--- multipoles on reference trajectory (rz > 0) ---
effective_length:                   630.9055807822373 mm
perpendicular_grid:                 65 points in [-12.000000,+12.000000] mm
max_fitting_error_normal            0.068/6920.793 G/G
max_fitting_error_skew              365.771/365.771 G/G
r0_for_relative_multipoles          12 mm
main_monomial                       n = 0, skew:False
                                       Nn(s=0)      Integ_Nn     Nn/N0(@r0)   |    Sn(s=0)      Integ_Sn     Sn/S0(@r0)  
<multipole_order n>                    [T/m^n]      [T.m/m^n]        []       |    [T/m^n]      [T.m/m^n]        []      
n=00:                                5.9255e-01    -3.7384e-01   +1.0000e+00  |      ---           ---           ---     
n=01:                                8.1129e+00    +5.0095e+00   -1.6080e-01  |      ---           ---           ---     
n=02:                                3.6525e-01    +1.1132e+00   -4.2879e-04  |      ---           ---           ---     
n=03:                                5.9931e+01    -4.6929e+01   +2.1692e-04  |      ---           ---           ---     
n=04:                                3.2513e+03    -6.9033e+02   +3.8290e-05  |      ---           ---           ---     
n=05:                                8.3797e+04    +2.3983e+04   -1.5963e-05  |      ---           ---           ---     
n=06:                                2.3969e+07    +7.8611e+04   -6.2789e-07  |      ---           ---           ---     
