--- multipoles on reference trajectory (rz > 0) ---
effective_length:                   630.756242983729 mm
perpendicular_grid:                 65 points in [-12.000000,+12.000000] mm
max_fitting_error_normal            0.079/6914.132 G/G
max_fitting_error_skew              363.567/363.567 G/G
r0_for_relative_multipoles          12 mm
main_monomial                       n = 0, skew:False
                                       Nn(s=0)      Integ_Nn     Nn/N0(@r0)   |    Sn(s=0)      Integ_Sn     Sn/S0(@r0)  
<multipole_order n>                    [T/m^n]      [T.m/m^n]        []       |    [T/m^n]      [T.m/m^n]        []      
n=00:                                5.9325e-01    -3.7420e-01   +1.0000e+00  |      ---           ---           ---     
n=01:                                8.1242e+00    +5.0175e+00   -1.6090e-01  |      ---           ---           ---     
n=02:                                1.1161e+00    +1.4590e+00   -5.6147e-04  |      ---           ---           ---     
n=03:                                5.0828e+01    -1.6972e+01   +7.8375e-05  |      ---           ---           ---     
n=04:                                1.5788e+04    -3.7273e+03   +2.0655e-04  |      ---           ---           ---     
n=05:                                1.0266e+05    -8.8124e+04   +5.8600e-05  |      ---           ---           ---     
n=06:                                5.2369e+07    +1.0824e+07   -8.6371e-05  |      ---           ---           ---     
