--- multipoles on reference trajectory (rz > 0) ---
effective_length:                   631.1817446259355 mm
perpendicular_grid:                 65 points in [-12.000000,+12.000000] mm
max_fitting_error_normal            0.123/4982.598 G/G
max_fitting_error_skew              367.603/367.603 G/G
r0_for_relative_multipoles          12 mm
main_monomial                       n = 0, skew:False
                                       Nn(s=0)      Integ_Nn     Nn/N0(@r0)   |    Sn(s=0)      Integ_Sn     Sn/S0(@r0)  
<multipole_order n>                    [T/m^n]      [T.m/m^n]        []       |    [T/m^n]      [T.m/m^n]        []      
n=00:                                5.9496e-01    -3.7553e-01   +1.0000e+00  |      ---           ---           ---     
n=01:                                8.1016e+00    +5.0084e+00   -1.6004e-01  |      ---           ---           ---     
n=02:                                1.7038e+00    +5.3504e-01   -2.0517e-04  |      ---           ---           ---     
n=03:                                5.6216e+01    -3.9882e+01   +1.8352e-04  |      ---           ---           ---     
n=04:                                1.4098e+04    +4.0683e+03   -2.2465e-04  |      ---           ---           ---     
n=05:                                4.8794e+05    -4.9896e+04   +3.3062e-05  |      ---           ---           ---     
n=06:                                6.5204e+07    -1.6573e+07   +1.3178e-04  |      ---           ---           ---     
