--- multipoles on reference trajectory (rz > 0) ---
effective_length:                   629.9531657499672 mm
perpendicular_grid:                 65 points in [-12.000000,+12.000000] mm
max_fitting_error_normal            0.070/4723.846 G/G
max_fitting_error_skew              355.865/355.865 G/G
r0_for_relative_multipoles          12 mm
main_monomial                       n = 0, skew:False
                                       Nn(s=0)      Integ_Nn     Nn/N0(@r0)   |    Sn(s=0)      Integ_Sn     Sn/S0(@r0)  
<multipole_order n>                    [T/m^n]      [T.m/m^n]        []       |    [T/m^n]      [T.m/m^n]        []      
n=00:                                5.6443e-01    -3.5556e-01   +1.0000e+00  |      ---           ---           ---     
n=01:                                7.7327e+00    +4.7681e+00   -1.6092e-01  |      ---           ---           ---     
n=02:                                1.6355e-01    +9.7366e-01   -3.9432e-04  |      ---           ---           ---     
n=03:                                1.8728e+01    -1.8893e+01   +9.1819e-05  |      ---           ---           ---     
n=04:                                5.6439e+03    +1.8662e+03   -1.0883e-04  |      ---           ---           ---     
n=05:                                2.5384e+05    -6.2965e+04   +4.4065e-05  |      ---           ---           ---     
n=06:                                3.6863e+07    -1.1483e+07   +9.6433e-05  |      ---           ---           ---     
