--- multipoles on reference trajectory (rz > 0) ---
effective_length:                   631.667923824767 mm
perpendicular_grid:                 65 points in [-12.000000,+12.000000] mm
max_fitting_error_normal            0.090/6267.433 G/G
max_fitting_error_skew              336.519/336.519 G/G
r0_for_relative_multipoles          12 mm
main_monomial                       n = 0, skew:False
                                       Nn(s=0)      Integ_Nn     Nn/N0(@r0)   |    Sn(s=0)      Integ_Sn     Sn/S0(@r0)  
<multipole_order n>                    [T/m^n]      [T.m/m^n]        []       |    [T/m^n]      [T.m/m^n]        []      
n=00:                                5.3707e-01    -3.3925e-01   +1.0000e+00  |      ---           ---           ---     
n=01:                                7.3553e+00    +4.5545e+00   -1.6110e-01  |      ---           ---           ---     
n=02:                                1.2946e+00    +7.3847e-01   -3.1345e-04  |      ---           ---           ---     
n=03:                                6.3816e+01    -3.2905e+01   +1.6761e-04  |      ---           ---           ---     
n=04:                                1.0092e+04    +1.0323e+03   -6.3099e-05  |      ---           ---           ---     
n=05:                                4.2987e+05    +6.1399e+02   -4.5035e-07  |      ---           ---           ---     
n=06:                                3.2280e+07    -3.4388e+06   +3.0267e-05  |      ---           ---           ---     
