--- multipoles on reference trajectory (rz > 0) ---
effective_length:                   631.5904054059263 mm
perpendicular_grid:                 65 points in [-12.000000,+12.000000] mm
max_fitting_error_normal            0.069/4527.906 G/G
max_fitting_error_skew              328.760/328.760 G/G
r0_for_relative_multipoles          12 mm
main_monomial                       n = 0, skew:False
                                       Nn(s=0)      Integ_Nn     Nn/N0(@r0)   |    Sn(s=0)      Integ_Sn     Sn/S0(@r0)  
<multipole_order n>                    [T/m^n]      [T.m/m^n]        []       |    [T/m^n]      [T.m/m^n]        []      
n=00:                                5.3689e-01    -3.3909e-01   +1.0000e+00  |      ---           ---           ---     
n=01:                                7.3542e+00    +4.5503e+00   -1.6103e-01  |      ---           ---           ---     
n=02:                                1.0062e-01    +9.5587e-01   -4.0592e-04  |      ---           ---           ---     
n=03:                                8.3977e-01    -1.1360e+01   +5.7892e-05  |      ---           ---           ---     
n=04:                                1.1831e+03    -9.0740e+01   +5.5488e-06  |      ---           ---           ---     
n=05:                                1.4953e+05    -1.0775e+05   +7.9069e-05  |      ---           ---           ---     
n=06:                                1.3294e+05    -2.2323e+06   +1.9657e-05  |      ---           ---           ---     
