--- multipoles on reference trajectory (rz > 0) ---
effective_length:                   629.9202597461973 mm
perpendicular_grid:                 65 points in [-12.000000,+12.000000] mm
max_fitting_error_normal            0.082/4520.245 G/G
max_fitting_error_skew              337.611/337.611 G/G
r0_for_relative_multipoles          12 mm
main_monomial                       n = 0, skew:False
                                       Nn(s=0)      Integ_Nn     Nn/N0(@r0)   |    Sn(s=0)      Integ_Sn     Sn/S0(@r0)  
<multipole_order n>                    [T/m^n]      [T.m/m^n]        []       |    [T/m^n]      [T.m/m^n]        []      
n=00:                                5.3696e-01    -3.3824e-01   +1.0000e+00  |      ---           ---           ---     
n=01:                                7.3511e+00    +4.5392e+00   -1.6104e-01  |      ---           ---           ---     
n=02:                                6.5595e-01    +8.0086e-01   -3.4095e-04  |      ---           ---           ---     
n=03:                                3.9789e+01    -1.2777e+01   +6.5277e-05  |      ---           ---           ---     
n=04:                                4.3590e+03    +9.9855e+02   -6.1216e-05  |      ---           ---           ---     
n=05:                                3.4544e+05    -1.0006e+05   +7.3607e-05  |      ---           ---           ---     
n=06:                                2.5514e+07    -7.1697e+06   +6.3294e-05  |      ---           ---           ---     
