--- multipoles on reference trajectory (rz > 0) ---
effective_length:                   631.0487606147801 mm
perpendicular_grid:                 65 points in [-12.000000,+12.000000] mm
max_fitting_error_normal            0.067/5247.548 G/G
max_fitting_error_skew              374.391/374.391 G/G
r0_for_relative_multipoles          12 mm
main_monomial                       n = 0, skew:False
                                       Nn(s=0)      Integ_Nn     Nn/N0(@r0)   |    Sn(s=0)      Integ_Sn     Sn/S0(@r0)  
<multipole_order n>                    [T/m^n]      [T.m/m^n]        []       |    [T/m^n]      [T.m/m^n]        []      
n=00:                                5.9466e-01    -3.7526e-01   +1.0000e+00  |      ---           ---           ---     
n=01:                                8.1190e+00    +5.0144e+00   -1.6035e-01  |      ---           ---           ---     
n=02:                                1.2626e-01    +1.1605e+00   -4.4534e-04  |      ---           ---           ---     
n=03:                                5.0898e+01    -2.9639e+01   +1.3648e-04  |      ---           ---           ---     
n=04:                                7.5331e+03    -1.4632e+03   +8.0851e-05  |      ---           ---           ---     
n=05:                                7.6866e+04    -5.7257e+04   +3.7966e-05  |      ---           ---           ---     
n=06:                                2.2395e+07    +3.1161e+06   -2.4795e-05  |      ---           ---           ---     
