--- multipoles on reference trajectory (rz > 0) ---
effective_length:                   631.5361626488209 mm
perpendicular_grid:                 65 points in [-12.000000,+12.000000] mm
max_fitting_error_normal            0.063/4484.473 G/G
max_fitting_error_skew              342.302/342.302 G/G
r0_for_relative_multipoles          12 mm
main_monomial                       n = 0, skew:False
                                       Nn(s=0)      Integ_Nn     Nn/N0(@r0)   |    Sn(s=0)      Integ_Sn     Sn/S0(@r0)  
<multipole_order n>                    [T/m^n]      [T.m/m^n]        []       |    [T/m^n]      [T.m/m^n]        []      
n=00:                                5.3667e-01    -3.3893e-01   +1.0000e+00  |      ---           ---           ---     
n=01:                                7.3565e+00    +4.5483e+00   -1.6104e-01  |      ---           ---           ---     
n=02:                                3.2212e-01    +9.6420e-01   -4.0966e-04  |      ---           ---           ---     
n=03:                                4.7037e+01    -1.9774e+01   +1.0082e-04  |      ---           ---           ---     
n=04:                                2.4449e+03    -1.4322e+02   +8.7625e-06  |      ---           ---           ---     
n=05:                                3.6086e+05    -5.1277e+04   +3.7646e-05  |      ---           ---           ---     
n=06:                                1.4560e+07    -1.1690e+06   +1.0299e-05  |      ---           ---           ---     
