--- multipoles on reference trajectory (rz > 0) ---
effective_length:                   632.3303308050989 mm
perpendicular_grid:                 65 points in [-12.000000,+12.000000] mm
max_fitting_error_normal            0.090/4502.955 G/G
max_fitting_error_skew              331.186/331.186 G/G
r0_for_relative_multipoles          17.5 mm
main_monomial                       n = 0, skew:False
                                       Nn(s=0)      Integ_Nn     Nn/N0(@r0)   |    Sn(s=0)      Integ_Sn     Sn/S0(@r0)  
<multipole_order n>                    [T/m^n]      [T.m/m^n]        []       |    [T/m^n]      [T.m/m^n]        []      
n=00:                                5.3821e-01    -3.4033e-01   +1.0000e+00  |      ---           ---           ---     
n=01:                                7.3515e+00    +4.5473e+00   -2.3383e-01  |      ---           ---           ---     
n=02:                                5.1714e-01    +7.1284e-01   -6.4146e-04  |      ---           ---           ---     
n=03:                                7.0817e+01    -1.4861e+01   +2.3402e-04  |      ---           ---           ---     
n=04:                                6.4448e+03    +2.6228e+03   -7.2281e-04  |      ---           ---           ---     
n=05:                                4.7548e+05    -7.6130e+04   +3.6715e-04  |      ---           ---           ---     
n=06:                                2.8556e+07    -1.0940e+07   +9.2327e-04  |      ---           ---           ---     
