--- multipoles on reference trajectory (rz > 0) ---
effective_length:                   630.5402419967858 mm
perpendicular_grid:                 65 points in [-12.000000,+12.000000] mm
max_fitting_error_normal            0.067/6577.091 G/G
max_fitting_error_skew              349.290/349.290 G/G
r0_for_relative_multipoles          12 mm
main_monomial                       n = 0, skew:False
                                       Nn(s=0)      Integ_Nn     Nn/N0(@r0)   |    Sn(s=0)      Integ_Sn     Sn/S0(@r0)  
<multipole_order n>                    [T/m^n]      [T.m/m^n]        []       |    [T/m^n]      [T.m/m^n]        []      
n=00:                                5.6483e-01    -3.5615e-01   +1.0000e+00  |      ---           ---           ---     
n=01:                                7.7281e+00    +4.7753e+00   -1.6090e-01  |      ---           ---           ---     
n=02:                                3.7991e-01    +6.6199e-01   -2.6766e-04  |      ---           ---           ---     
n=03:                                4.3540e+01    -3.3351e+01   +1.6182e-04  |      ---           ---           ---     
n=04:                                3.5548e+03    +1.2391e+03   -7.2145e-05  |      ---           ---           ---     
n=05:                                3.4921e+05    -4.9137e+04   +3.4331e-05  |      ---           ---           ---     
n=06:                                1.6451e+07    -3.9410e+06   +3.3042e-05  |      ---           ---           ---     
