--- multipoles on reference trajectory (rz > 0) ---
effective_length:                   631.1257618279462 mm
perpendicular_grid:                 65 points in [-12.000000,+12.000000] mm
max_fitting_error_normal            0.095/6936.400 G/G
max_fitting_error_skew              378.858/378.858 G/G
r0_for_relative_multipoles          12 mm
main_monomial                       n = 0, skew:False
                                       Nn(s=0)      Integ_Nn     Nn/N0(@r0)   |    Sn(s=0)      Integ_Sn     Sn/S0(@r0)  
<multipole_order n>                    [T/m^n]      [T.m/m^n]        []       |    [T/m^n]      [T.m/m^n]        []      
n=00:                                5.9265e-01    -3.7404e-01   +1.0000e+00  |      ---           ---           ---     
n=01:                                8.1224e+00    +5.0155e+00   -1.6091e-01  |      ---           ---           ---     
n=02:                                1.9281e-01    +1.1001e+00   -4.2354e-04  |      ---           ---           ---     
n=03:                                1.0031e+01    -3.2166e+01   +1.4860e-04  |      ---           ---           ---     
n=04:                                1.7878e+03    +8.4856e+02   -4.7042e-05  |      ---           ---           ---     
n=05:                                1.0854e+05    -1.4500e+04   +9.6460e-06  |      ---           ---           ---     
n=06:                                1.1398e+07    -4.9920e+06   +3.9852e-05  |      ---           ---           ---     
