--- multipoles on reference trajectory (rz > 0) ---
effective_length:                   631.1354806252358 mm
perpendicular_grid:                 65 points in [-12.000000,+12.000000] mm
max_fitting_error_normal            0.095/6285.152 G/G
max_fitting_error_skew              332.793/332.793 G/G
r0_for_relative_multipoles          12 mm
main_monomial                       n = 0, skew:False
                                       Nn(s=0)      Integ_Nn     Nn/N0(@r0)   |    Sn(s=0)      Integ_Sn     Sn/S0(@r0)  
<multipole_order n>                    [T/m^n]      [T.m/m^n]        []       |    [T/m^n]      [T.m/m^n]        []      
n=00:                                5.3692e-01    -3.3887e-01   +1.0000e+00  |      ---           ---           ---     
n=01:                                7.3603e+00    +4.5463e+00   -1.6099e-01  |      ---           ---           ---     
n=02:                                4.9454e-01    +8.0413e-01   -3.4171e-04  |      ---           ---           ---     
n=03:                                1.8050e+01    -5.5289e+01   +2.8193e-04  |      ---           ---           ---     
n=04:                                2.9796e+03    +7.1660e+02   -4.3850e-05  |      ---           ---           ---     
n=05:                                1.6071e+05    +5.6862e+04   -4.1754e-05  |      ---           ---           ---     
n=06:                                1.6147e+07    -7.2719e+06   +6.4077e-05  |      ---           ---           ---     
