--- multipoles on reference trajectory (rz > 0) ---
effective_length:                   630.7583363383002 mm
perpendicular_grid:                 65 points in [-12.000000,+12.000000] mm
max_fitting_error_normal            0.108/4956.305 G/G
max_fitting_error_skew              368.337/368.337 G/G
r0_for_relative_multipoles          12 mm
main_monomial                       n = 0, skew:False
                                       Nn(s=0)      Integ_Nn     Nn/N0(@r0)   |    Sn(s=0)      Integ_Sn     Sn/S0(@r0)  
<multipole_order n>                    [T/m^n]      [T.m/m^n]        []       |    [T/m^n]      [T.m/m^n]        []      
n=00:                                5.9299e-01    -3.7403e-01   +1.0000e+00  |      ---           ---           ---     
n=01:                                8.1218e+00    +5.0125e+00   -1.6081e-01  |      ---           ---           ---     
n=02:                                1.6531e+00    +8.0423e-01   -3.0962e-04  |      ---           ---           ---     
n=03:                                4.0269e+01    -4.9083e+01   +2.2676e-04  |      ---           ---           ---     
n=04:                                1.9308e+04    +2.9582e+03   -1.6400e-04  |      ---           ---           ---     
n=05:                                4.1352e+05    +1.2589e+04   -8.3749e-06  |      ---           ---           ---     
n=06:                                8.0597e+07    -1.4252e+07   +1.1378e-04  |      ---           ---           ---     
