--- multipoles on reference trajectory (rz > 0) ---
effective_length:                   630.854262442932 mm
perpendicular_grid:                 65 points in [-12.000000,+12.000000] mm
max_fitting_error_normal            0.112/6600.255 G/G
max_fitting_error_skew              349.108/349.108 G/G
r0_for_relative_multipoles          17.5 mm
main_monomial                       n = 0, skew:False
                                       Nn(s=0)      Integ_Nn     Nn/N0(@r0)   |    Sn(s=0)      Integ_Sn     Sn/S0(@r0)  
<multipole_order n>                    [T/m^n]      [T.m/m^n]        []       |    [T/m^n]      [T.m/m^n]        []      
n=00:                                5.6686e-01    -3.5761e-01   +1.0000e+00  |      ---           ---           ---     
n=01:                                7.7261e+00    +4.7781e+00   -2.3382e-01  |      ---           ---           ---     
n=02:                                1.0136e+00    +8.7669e-01   -7.5078e-04  |      ---           ---           ---     
n=03:                                3.1703e+01    -3.0350e+01   +4.5485e-04  |      ---           ---           ---     
n=04:                                7.9923e+03    +4.1961e+02   -1.1005e-04  |      ---           ---           ---     
n=05:                                8.2760e+04    -2.4777e+04   +1.1372e-04  |      ---           ---           ---     
n=06:                                4.6235e+07    -5.0219e+06   +4.0336e-04  |      ---           ---           ---     
