--- multipoles on reference trajectory (rz > 0) ---
effective_length:                   631.5908957213584 mm
perpendicular_grid:                 65 points in [-12.000000,+12.000000] mm
max_fitting_error_normal            0.065/5784.475 G/G
max_fitting_error_skew              352.291/352.291 G/G
r0_for_relative_multipoles          12 mm
main_monomial                       n = 0, skew:False
                                       Nn(s=0)      Integ_Nn     Nn/N0(@r0)   |    Sn(s=0)      Integ_Sn     Sn/S0(@r0)  
<multipole_order n>                    [T/m^n]      [T.m/m^n]        []       |    [T/m^n]      [T.m/m^n]        []      
n=00:                                5.6463e-01    -3.5661e-01   +1.0000e+00  |      ---           ---           ---     
n=01:                                7.7376e+00    +4.7847e+00   -1.6100e-01  |      ---           ---           ---     
n=02:                                9.4197e-02    +1.3506e+00   -5.4535e-04  |      ---           ---           ---     
n=03:                                5.5901e+01    -2.8828e+01   +1.3969e-04  |      ---           ---           ---     
n=04:                                1.0398e+02    -1.7217e+03   +1.0011e-04  |      ---           ---           ---     
n=05:                                5.3525e+04    -2.5542e+04   +1.7823e-05  |      ---           ---           ---     
n=06:                                9.3628e+06    +2.8201e+06   -2.3613e-05  |      ---           ---           ---     
