--- multipoles on reference trajectory (rz > 0) ---
effective_length:                   632.2186628492223 mm
perpendicular_grid:                 65 points in [-12.000000,+12.000000] mm
max_fitting_error_normal            0.068/6593.749 G/G
max_fitting_error_skew              352.226/352.226 G/G
r0_for_relative_multipoles          12 mm
main_monomial                       n = 0, skew:False
                                       Nn(s=0)      Integ_Nn     Nn/N0(@r0)   |    Sn(s=0)      Integ_Sn     Sn/S0(@r0)  
<multipole_order n>                    [T/m^n]      [T.m/m^n]        []       |    [T/m^n]      [T.m/m^n]        []      
n=00:                                5.6627e-01    -3.5801e-01   +1.0000e+00  |      ---           ---           ---     
n=01:                                7.7317e+00    +4.7837e+00   -1.6034e-01  |      ---           ---           ---     
n=02:                                7.6783e-01    +8.8042e-01   -3.5413e-04  |      ---           ---           ---     
n=03:                                3.3492e+00    -3.3701e+01   +1.6267e-04  |      ---           ---           ---     
n=04:                                5.7304e+02    +2.2858e+02   -1.3240e-05  |      ---           ---           ---     
n=05:                                2.0001e+05    -5.2342e+04   +3.6380e-05  |      ---           ---           ---     
n=06:                                3.9801e+06    +2.2389e+05   -1.8674e-06  |      ---           ---           ---     
