--- multipoles on reference trajectory (rz > 0) ---
effective_length:                   631.1051265612433 mm
perpendicular_grid:                 65 points in [-12.000000,+12.000000] mm
max_fitting_error_normal            0.067/5228.710 G/G
max_fitting_error_skew              373.304/373.304 G/G
r0_for_relative_multipoles          12 mm
main_monomial                       n = 0, skew:False
                                       Nn(s=0)      Integ_Nn     Nn/N0(@r0)   |    Sn(s=0)      Integ_Sn     Sn/S0(@r0)  
<multipole_order n>                    [T/m^n]      [T.m/m^n]        []       |    [T/m^n]      [T.m/m^n]        []      
n=00:                                5.9268e-01    -3.7404e-01   +1.0000e+00  |      ---           ---           ---     
n=01:                                8.1191e+00    +5.0150e+00   -1.6089e-01  |      ---           ---           ---     
n=02:                                7.6292e-02    +1.1386e+00   -4.3833e-04  |      ---           ---           ---     
n=03:                                5.8891e+01    -3.1225e+01   +1.4425e-04  |      ---           ---           ---     
n=04:                                7.1780e+03    -1.5382e+03   +8.5276e-05  |      ---           ---           ---     
n=05:                                1.1456e+05    -5.1789e+04   +3.4453e-05  |      ---           ---           ---     
n=06:                                2.1004e+07    +3.1653e+06   -2.5269e-05  |      ---           ---           ---     
