--- multipoles on reference trajectory (rz > 0) ---
effective_length:                   631.236300801666 mm
perpendicular_grid:                 65 points in [-12.000000,+12.000000] mm
max_fitting_error_normal            0.130/4962.939 G/G
max_fitting_error_skew              366.536/366.536 G/G
r0_for_relative_multipoles          12 mm
main_monomial                       n = 0, skew:False
                                       Nn(s=0)      Integ_Nn     Nn/N0(@r0)   |    Sn(s=0)      Integ_Sn     Sn/S0(@r0)  
<multipole_order n>                    [T/m^n]      [T.m/m^n]        []       |    [T/m^n]      [T.m/m^n]        []      
n=00:                                5.9297e-01    -3.7431e-01   +1.0000e+00  |      ---           ---           ---     
n=01:                                8.1010e+00    +5.0087e+00   -1.6058e-01  |      ---           ---           ---     
n=02:                                1.6107e+00    +5.0409e-01   -1.9393e-04  |      ---           ---           ---     
n=03:                                6.1190e+01    -3.7427e+01   +1.7278e-04  |      ---           ---           ---     
n=04:                                1.2245e+04    +4.0635e+03   -2.2511e-04  |      ---           ---           ---     
n=05:                                5.1952e+05    -6.3170e+04   +4.1994e-05  |      ---           ---           ---     
n=06:                                5.7979e+07    -1.6951e+07   +1.3522e-04  |      ---           ---           ---     
