--- multipoles on reference trajectory (rz > 0) ---
effective_length:                   631.1029584801603 mm
perpendicular_grid:                 65 points in [-12.000000,+12.000000] mm
max_fitting_error_normal            0.067/5229.660 G/G
max_fitting_error_skew              373.359/373.359 G/G
r0_for_relative_multipoles          12 mm
main_monomial                       n = 0, skew:False
                                       Nn(s=0)      Integ_Nn     Nn/N0(@r0)   |    Sn(s=0)      Integ_Sn     Sn/S0(@r0)  
<multipole_order n>                    [T/m^n]      [T.m/m^n]        []       |    [T/m^n]      [T.m/m^n]        []      
n=00:                                5.9277e-01    -3.7410e-01   +1.0000e+00  |      ---           ---           ---     
n=01:                                8.1191e+00    +5.0150e+00   -1.6087e-01  |      ---           ---           ---     
n=02:                                7.8882e-02    +1.1398e+00   -4.3873e-04  |      ---           ---           ---     
n=03:                                5.8506e+01    -3.1143e+01   +1.4385e-04  |      ---           ---           ---     
n=04:                                7.1966e+03    -1.5349e+03   +8.5079e-05  |      ---           ---           ---     
n=05:                                1.1275e+05    -5.2072e+04   +3.4636e-05  |      ---           ---           ---     
n=06:                                2.1073e+07    +3.1640e+06   -2.5254e-05  |      ---           ---           ---     
