--- multipoles on reference trajectory (rz > 0) ---
effective_length:                   632.0989981963872 mm
perpendicular_grid:                 65 points in [-12.000000,+12.000000] mm
max_fitting_error_normal            0.100/4986.765 G/G
max_fitting_error_skew              368.492/368.492 G/G
r0_for_relative_multipoles          12 mm
main_monomial                       n = 0, skew:False
                                       Nn(s=0)      Integ_Nn     Nn/N0(@r0)   |    Sn(s=0)      Integ_Sn     Sn/S0(@r0)  
<multipole_order n>                    [T/m^n]      [T.m/m^n]        []       |    [T/m^n]      [T.m/m^n]        []      
n=00:                                5.9280e-01    -3.7471e-01   +1.0000e+00  |      ---           ---           ---     
n=01:                                8.1192e+00    +5.0198e+00   -1.6076e-01  |      ---           ---           ---     
n=02:                                2.8529e-01    +1.0500e+00   -4.0352e-04  |      ---           ---           ---     
n=03:                                2.1427e+01    -2.6686e+01   +1.2307e-04  |      ---           ---           ---     
n=04:                                2.3863e+03    -1.1034e+02   +6.1063e-06  |      ---           ---           ---     
n=05:                                2.9446e+05    -8.7389e+04   +5.8033e-05  |      ---           ---           ---     
n=06:                                1.8435e+07    -1.9408e+06   +1.5466e-05  |      ---           ---           ---     
