--- multipoles on reference trajectory (rz > 0) ---
effective_length:                   630.7973703873333 mm
perpendicular_grid:                 65 points in [-12.000000,+12.000000] mm
max_fitting_error_normal            0.078/6938.960 G/G
max_fitting_error_skew              374.300/374.300 G/G
r0_for_relative_multipoles          12 mm
main_monomial                       n = 0, skew:False
                                       Nn(s=0)      Integ_Nn     Nn/N0(@r0)   |    Sn(s=0)      Integ_Sn     Sn/S0(@r0)  
<multipole_order n>                    [T/m^n]      [T.m/m^n]        []       |    [T/m^n]      [T.m/m^n]        []      
n=00:                                5.9428e-01    -3.7487e-01   +1.0000e+00  |      ---           ---           ---     
n=01:                                8.1063e+00    +5.0079e+00   -1.6031e-01  |      ---           ---           ---     
n=02:                                9.6203e-02    +1.0904e+00   -4.1884e-04  |      ---           ---           ---     
n=03:                                6.3575e+01    -2.3124e+01   +1.0659e-04  |      ---           ---           ---     
n=04:                                4.1422e+02    -2.2926e+02   +1.2681e-05  |      ---           ---           ---     
n=05:                                4.3602e+05    -5.5784e+04   +3.7028e-05  |      ---           ---           ---     
n=06:                                1.2040e+07    -1.4470e+06   +1.1526e-05  |      ---           ---           ---     
