--- multipoles on reference trajectory (rz > 0) ---
effective_length:                   629.9514460555926 mm
perpendicular_grid:                 65 points in [-12.000000,+12.000000] mm
max_fitting_error_normal            0.065/5542.829 G/G
max_fitting_error_skew              328.984/328.984 G/G
r0_for_relative_multipoles          12 mm
main_monomial                       n = 0, skew:False
                                       Nn(s=0)      Integ_Nn     Nn/N0(@r0)   |    Sn(s=0)      Integ_Sn     Sn/S0(@r0)  
<multipole_order n>                    [T/m^n]      [T.m/m^n]        []       |    [T/m^n]      [T.m/m^n]        []      
n=00:                                5.3668e-01    -3.3808e-01   +1.0000e+00  |      ---           ---           ---     
n=01:                                7.3519e+00    +4.5338e+00   -1.6093e-01  |      ---           ---           ---     
n=02:                                9.1363e-02    +1.0128e+00   -4.3139e-04  |      ---           ---           ---     
n=03:                                4.1874e+01    -3.4062e+01   +1.7410e-04  |      ---           ---           ---     
n=04:                                1.7510e+03    -4.0326e+01   +2.4734e-06  |      ---           ---           ---     
n=05:                                7.1549e+03    -1.5331e+04   +1.1284e-05  |      ---           ---           ---     
n=06:                                2.0377e+07    -4.8793e+06   +4.3095e-05  |      ---           ---           ---     
