--- multipoles on reference trajectory (rz > 0) ---
effective_length:                   631.6222183216321 mm
perpendicular_grid:                 65 points in [-12.000000,+12.000000] mm
max_fitting_error_normal            0.083/6612.788 G/G
max_fitting_error_skew              356.766/356.766 G/G
r0_for_relative_multipoles          12 mm
main_monomial                       n = 0, skew:False
                                       Nn(s=0)      Integ_Nn     Nn/N0(@r0)   |    Sn(s=0)      Integ_Sn     Sn/S0(@r0)  
<multipole_order n>                    [T/m^n]      [T.m/m^n]        []       |    [T/m^n]      [T.m/m^n]        []      
n=00:                                5.6480e-01    -3.5674e-01   +1.0000e+00  |      ---           ---           ---     
n=01:                                7.7440e+00    +4.7874e+00   -1.6104e-01  |      ---           ---           ---     
n=02:                                4.8220e-01    +9.8346e-01   -3.9698e-04  |      ---           ---           ---     
n=03:                                3.6091e+01    -3.4340e+01   +1.6634e-04  |      ---           ---           ---     
n=04:                                5.6046e+03    -5.4231e+02   +3.1523e-05  |      ---           ---           ---     
n=05:                                5.2764e+03    -2.2658e+04   +1.5804e-05  |      ---           ---           ---     
n=06:                                3.3411e+07    +1.8743e+06   -1.5688e-05  |      ---           ---           ---     
