--- multipoles on reference trajectory (rz > 0) ---
effective_length:                   629.9653511632384 mm
perpendicular_grid:                 65 points in [-12.000000,+12.000000] mm
max_fitting_error_normal            0.112/4487.596 G/G
max_fitting_error_skew              333.637/333.637 G/G
r0_for_relative_multipoles          12 mm
main_monomial                       n = 0, skew:False
                                       Nn(s=0)      Integ_Nn     Nn/N0(@r0)   |    Sn(s=0)      Integ_Sn     Sn/S0(@r0)  
<multipole_order n>                    [T/m^n]      [T.m/m^n]        []       |    [T/m^n]      [T.m/m^n]        []      
n=00:                                5.3671e-01    -3.3811e-01   +1.0000e+00  |      ---           ---           ---     
n=01:                                7.3569e+00    +4.5395e+00   -1.6111e-01  |      ---           ---           ---     
n=02:                                4.9916e-01    +8.9726e-01   -3.8214e-04  |      ---           ---           ---     
n=03:                                4.1292e+01    -2.7964e+01   +1.4292e-04  |      ---           ---           ---     
n=04:                                6.6503e+03    +1.5599e+03   -9.5665e-05  |      ---           ---           ---     
n=05:                                5.9574e+03    -4.4316e+04   +3.2614e-05  |      ---           ---           ---     
n=06:                                4.0203e+07    -1.1432e+07   +1.0096e-04  |      ---           ---           ---     
