--- multipoles on reference trajectory (rz > 0) ---
effective_length:                   631.0299453492036 mm
perpendicular_grid:                 65 points in [-12.000000,+12.000000] mm
max_fitting_error_normal            0.127/6285.079 G/G
max_fitting_error_skew              331.673/331.673 G/G
r0_for_relative_multipoles          17.5 mm
main_monomial                       n = 0, skew:False
                                       Nn(s=0)      Integ_Nn     Nn/N0(@r0)   |    Sn(s=0)      Integ_Sn     Sn/S0(@r0)  
<multipole_order n>                    [T/m^n]      [T.m/m^n]        []       |    [T/m^n]      [T.m/m^n]        []      
n=00:                                5.3880e-01    -3.4000e-01   +1.0000e+00  |      ---           ---           ---     
n=01:                                7.3450e+00    +4.5450e+00   -2.3393e-01  |      ---           ---           ---     
n=02:                                6.8751e-02    +7.8426e-01   -7.0641e-04  |      ---           ---           ---     
n=03:                                1.9860e+01    -2.5878e+01   +4.0791e-04  |      ---           ---           ---     
n=04:                                1.4567e+04    +3.1066e+02   -8.5696e-05  |      ---           ---           ---     
n=05:                                3.8718e+05    -8.3957e+04   +4.0529e-04  |      ---           ---           ---     
n=06:                                6.3259e+07    -3.0109e+06   +2.5436e-04  |      ---           ---           ---     
