--- multipoles on reference trajectory (rz > 0) ---
effective_length:                   631.892471003323 mm
perpendicular_grid:                 65 points in [-12.000000,+12.000000] mm
max_fitting_error_normal            0.117/4758.989 G/G
max_fitting_error_skew              364.322/364.322 G/G
r0_for_relative_multipoles          12 mm
main_monomial                       n = 0, skew:False
                                       Nn(s=0)      Integ_Nn     Nn/N0(@r0)   |    Sn(s=0)      Integ_Sn     Sn/S0(@r0)  
<multipole_order n>                    [T/m^n]      [T.m/m^n]        []       |    [T/m^n]      [T.m/m^n]        []      
n=00:                                5.6627e-01    -3.5782e-01   +1.0000e+00  |      ---           ---           ---     
n=01:                                7.7256e+00    +4.7800e+00   -1.6030e-01  |      ---           ---           ---     
n=02:                                5.6820e-01    +1.0492e+00   -4.2222e-04  |      ---           ---           ---     
n=03:                                7.6994e+01    -1.6829e+01   +8.1272e-05  |      ---           ---           ---     
n=04:                                8.4771e+03    +1.0634e+03   -6.1628e-05  |      ---           ---           ---     
n=05:                                6.4539e+05    -9.2845e+04   +6.4566e-05  |      ---           ---           ---     
n=06:                                4.7696e+07    -9.4934e+06   +7.9222e-05  |      ---           ---           ---     
