--- multipoles on reference trajectory (rz > 0) ---
effective_length:                   630.3423245748037 mm
perpendicular_grid:                 65 points in [-12.000000,+12.000000] mm
max_fitting_error_normal            0.066/6947.398 G/G
max_fitting_error_skew              368.280/368.280 G/G
r0_for_relative_multipoles          12 mm
main_monomial                       n = 0, skew:False
                                       Nn(s=0)      Integ_Nn     Nn/N0(@r0)   |    Sn(s=0)      Integ_Sn     Sn/S0(@r0)  
<multipole_order n>                    [T/m^n]      [T.m/m^n]        []       |    [T/m^n]      [T.m/m^n]        []      
n=00:                                5.9359e-01    -3.7416e-01   +1.0000e+00  |      ---           ---           ---     
n=01:                                8.1264e+00    +5.0151e+00   -1.6084e-01  |      ---           ---           ---     
n=02:                                1.0069e-01    +1.1442e+00   -4.4037e-04  |      ---           ---           ---     
n=03:                                8.0225e+00    -1.8552e+01   +8.5679e-05  |      ---           ---           ---     
n=04:                                8.9516e+02    +5.1963e+02   -2.8798e-05  |      ---           ---           ---     
n=05:                                9.0134e+04    -1.0319e+05   +6.8628e-05  |      ---           ---           ---     
n=06:                                6.6371e+06    -4.1312e+06   +3.2969e-05  |      ---           ---           ---     
