--- multipoles on reference trajectory (rz > 0) ---
effective_length:                   630.8911340777853 mm
perpendicular_grid:                 65 points in [-12.000000,+12.000000] mm
max_fitting_error_normal            0.087/6502.236 G/G
max_fitting_error_skew              351.455/351.455 G/G
r0_for_relative_multipoles          17.5 mm
main_monomial                       n = 0, skew:False
                                       Nn(s=0)      Integ_Nn     Nn/N0(@r0)   |    Sn(s=0)      Integ_Sn     Sn/S0(@r0)  
<multipole_order n>                    [T/m^n]      [T.m/m^n]        []       |    [T/m^n]      [T.m/m^n]        []      
n=00:                                5.6687e-01    -3.5763e-01   +1.0000e+00  |      ---           ---           ---     
n=01:                                7.7446e+00    +4.7793e+00   -2.3387e-01  |      ---           ---           ---     
n=02:                                5.2916e-01    +9.1544e-01   -7.8392e-04  |      ---           ---           ---     
n=03:                                4.6551e+01    -3.8798e+01   +5.8143e-04  |      ---           ---           ---     
n=04:                                7.1488e+03    +2.3382e+02   -6.1318e-05  |      ---           ---           ---     
n=05:                                5.4444e+04    -1.3060e+04   +5.9939e-05  |      ---           ---           ---     
n=06:                                3.9386e+07    -2.5529e+06   +2.0503e-04  |      ---           ---           ---     
