--- multipoles on reference trajectory (rz > 0) ---
effective_length:                   631.7800510365935 mm
perpendicular_grid:                 65 points in [-12.000000,+12.000000] mm
max_fitting_error_normal            0.096/6279.456 G/G
max_fitting_error_skew              328.790/328.790 G/G
r0_for_relative_multipoles          12 mm
main_monomial                       n = 0, skew:False
                                       Nn(s=0)      Integ_Nn     Nn/N0(@r0)   |    Sn(s=0)      Integ_Sn     Sn/S0(@r0)  
<multipole_order n>                    [T/m^n]      [T.m/m^n]        []       |    [T/m^n]      [T.m/m^n]        []      
n=00:                                5.3681e-01    -3.3914e-01   +1.0000e+00  |      ---           ---           ---     
n=01:                                7.3497e+00    +4.5513e+00   -1.6104e-01  |      ---           ---           ---     
n=02:                                9.1644e-01    +7.8797e-01   -3.3457e-04  |      ---           ---           ---     
n=03:                                7.2678e+01    -4.3702e+01   +2.2267e-04  |      ---           ---           ---     
n=04:                                5.5927e+03    -1.3377e+03   +8.1791e-05  |      ---           ---           ---     
n=05:                                1.8248e+05    +2.4466e+04   -1.7951e-05  |      ---           ---           ---     
n=06:                                3.0384e+07    +2.5399e+06   -2.2363e-05  |      ---           ---           ---     
