--- multipoles on reference trajectory (rz > 0) ---
effective_length:                   631.7235067978743 mm
perpendicular_grid:                 65 points in [-12.000000,+12.000000] mm
max_fitting_error_normal            0.097/4981.955 G/G
max_fitting_error_skew              366.890/366.890 G/G
r0_for_relative_multipoles          12 mm
main_monomial                       n = 0, skew:False
                                       Nn(s=0)      Integ_Nn     Nn/N0(@r0)   |    Sn(s=0)      Integ_Sn     Sn/S0(@r0)  
<multipole_order n>                    [T/m^n]      [T.m/m^n]        []       |    [T/m^n]      [T.m/m^n]        []      
n=00:                                5.9274e-01    -3.7444e-01   +1.0000e+00  |      ---           ---           ---     
n=01:                                8.1148e+00    +5.0183e+00   -1.6083e-01  |      ---           ---           ---     
n=02:                                2.4459e-01    +1.1726e+00   -4.5093e-04  |      ---           ---           ---     
n=03:                                3.4265e+01    -2.3518e+01   +1.0853e-04  |      ---           ---           ---     
n=04:                                6.1934e+03    -4.6049e+02   +2.5501e-05  |      ---           ---           ---     
n=05:                                9.3143e+04    -1.1388e+05   +7.5679e-05  |      ---           ---           ---     
n=06:                                8.3707e+06    -4.5981e+06   +3.6668e-05  |      ---           ---           ---     
