--- multipoles on reference trajectory (rz > 0) ---
effective_length:                   631.3564209358544 mm
perpendicular_grid:                 65 points in [-12.000000,+12.000000] mm
max_fitting_error_normal            0.132/6614.285 G/G
max_fitting_error_skew              360.539/360.539 G/G
r0_for_relative_multipoles          12 mm
main_monomial                       n = 0, skew:False
                                       Nn(s=0)      Integ_Nn     Nn/N0(@r0)   |    Sn(s=0)      Integ_Sn     Sn/S0(@r0)  
<multipole_order n>                    [T/m^n]      [T.m/m^n]        []       |    [T/m^n]      [T.m/m^n]        []      
n=00:                                5.6464e-01    -3.5649e-01   +1.0000e+00  |      ---           ---           ---     
n=01:                                7.7462e+00    +4.7850e+00   -1.6107e-01  |      ---           ---           ---     
n=02:                                7.7211e-01    +1.0100e+00   -4.0798e-04  |      ---           ---           ---     
n=03:                                3.1546e+01    -3.3197e+01   +1.6091e-04  |      ---           ---           ---     
n=04:                                1.0238e+04    +1.6648e+03   -9.6834e-05  |      ---           ---           ---     
n=05:                                1.0346e+05    -3.4297e+04   +2.3940e-05  |      ---           ---           ---     
n=06:                                4.7509e+07    -1.0142e+07   +8.4950e-05  |      ---           ---           ---     
