--- multipoles on reference trajectory (rz > 0) ---
effective_length:                   630.2598687157746 mm
perpendicular_grid:                 65 points in [-12.000000,+12.000000] mm
max_fitting_error_normal            0.087/4994.374 G/G
max_fitting_error_skew              363.708/363.708 G/G
r0_for_relative_multipoles          17.5 mm
main_monomial                       n = 0, skew:False
                                       Nn(s=0)      Integ_Nn     Nn/N0(@r0)   |    Sn(s=0)      Integ_Sn     Sn/S0(@r0)  
<multipole_order n>                    [T/m^n]      [T.m/m^n]        []       |    [T/m^n]      [T.m/m^n]        []      
n=00:                                5.9471e-01    -3.7482e-01   +1.0000e+00  |      ---           ---           ---     
n=01:                                8.1150e+00    +5.0111e+00   -2.3396e-01  |      ---           ---           ---     
n=02:                                4.3321e-01    +1.0943e+00   -8.9411e-04  |      ---           ---           ---     
n=03:                                7.4858e+01    -3.3231e+01   +4.7516e-04  |      ---           ---           ---     
n=04:                                5.7807e+03    -1.7220e+02   +4.3089e-05  |      ---           ---           ---     
n=05:                                1.6197e+05    -2.5336e+04   +1.1095e-04  |      ---           ---           ---     
n=06:                                3.5171e+07    -1.7770e+06   +1.3618e-04  |      ---           ---           ---     
