--- multipoles on reference trajectory (rz > 0) ---
effective_length:                   630.6527800751333 mm
perpendicular_grid:                 65 points in [-12.000000,+12.000000] mm
max_fitting_error_normal            0.072/4548.523 G/G
max_fitting_error_skew              328.696/328.696 G/G
r0_for_relative_multipoles          17.5 mm
main_monomial                       n = 0, skew:False
                                       Nn(s=0)      Integ_Nn     Nn/N0(@r0)   |    Sn(s=0)      Integ_Sn     Sn/S0(@r0)  
<multipole_order n>                    [T/m^n]      [T.m/m^n]        []       |    [T/m^n]      [T.m/m^n]        []      
n=00:                                5.3863e-01    -3.3969e-01   +1.0000e+00  |      ---           ---           ---     
n=01:                                7.3524e+00    +4.5467e+00   -2.3423e-01  |      ---           ---           ---     
n=02:                                3.0869e-02    +7.9269e-01   -7.1466e-04  |      ---           ---           ---     
n=03:                                2.8153e+01    -2.7017e+01   +4.2626e-04  |      ---           ---           ---     
n=04:                                2.4618e+03    +1.8138e+03   -5.0080e-04  |      ---           ---           ---     
n=05:                                3.2093e+04    -5.2157e+04   +2.5201e-04  |      ---           ---           ---     
n=06:                                1.9240e+06    -1.0900e+07   +9.2170e-04  |      ---           ---           ---     
