--- multipoles on reference trajectory (rz > 0) ---
effective_length:                   632.8601549962162 mm
perpendicular_grid:                 65 points in [-12.000000,+12.000000] mm
max_fitting_error_normal            0.063/6283.912 G/G
max_fitting_error_skew              344.238/344.238 G/G
r0_for_relative_multipoles          12 mm
main_monomial                       n = 0, skew:False
                                       Nn(s=0)      Integ_Nn     Nn/N0(@r0)   |    Sn(s=0)      Integ_Sn     Sn/S0(@r0)  
<multipole_order n>                    [T/m^n]      [T.m/m^n]        []       |    [T/m^n]      [T.m/m^n]        []      
n=00:                                5.3675e-01    -3.3969e-01   +1.0000e+00  |      ---           ---           ---     
n=01:                                7.3632e+00    +4.5617e+00   -1.6115e-01  |      ---           ---           ---     
n=02:                                2.3508e-01    +1.1729e+00   -4.9720e-04  |      ---           ---           ---     
n=03:                                2.7479e+01    -3.9720e+01   +2.0206e-04  |      ---           ---           ---     
n=04:                                1.5221e+03    -1.5180e+03   +9.2664e-05  |      ---           ---           ---     
n=05:                                3.8221e+04    -2.9954e+03   +2.1942e-06  |      ---           ---           ---     
n=06:                                1.2961e+07    +2.9165e+06   -2.5637e-05  |      ---           ---           ---     
