--- multipoles on reference trajectory (rz > 0) ---
effective_length:                   632.1776190749027 mm
perpendicular_grid:                 65 points in [-12.000000,+12.000000] mm
max_fitting_error_normal            0.107/4505.302 G/G
max_fitting_error_skew              337.229/337.229 G/G
r0_for_relative_multipoles          12 mm
main_monomial                       n = 0, skew:False
                                       Nn(s=0)      Integ_Nn     Nn/N0(@r0)   |    Sn(s=0)      Integ_Sn     Sn/S0(@r0)  
<multipole_order n>                    [T/m^n]      [T.m/m^n]        []       |    [T/m^n]      [T.m/m^n]        []      
n=00:                                5.3818e-01    -3.4022e-01   +1.0000e+00  |      ---           ---           ---     
n=01:                                7.3458e+00    +4.5481e+00   -1.6042e-01  |      ---           ---           ---     
n=02:                                1.6695e-01    +8.6580e-01   -3.6645e-04  |      ---           ---           ---     
n=03:                                5.9286e+01    -6.2799e+00   +3.1896e-05  |      ---           ---           ---     
n=04:                                9.4376e+02    +1.8209e+03   -1.1098e-04  |      ---           ---           ---     
n=05:                                4.1209e+05    -1.2446e+05   +9.1027e-05  |      ---           ---           ---     
n=06:                                1.4837e+07    -1.0514e+07   +9.2280e-05  |      ---           ---           ---     
