--- multipoles on reference trajectory (rz > 0) ---
effective_length:                   629.6572562949966 mm
perpendicular_grid:                 41 points in [-10.000000,+10.000000] mm
max_fitting_error_normal            0.017/4181.825 G/G
max_fitting_error_skew              0.000/0.000 G/G
r0_for_relative_multipoles          12 mm
main_monomial                       n = 0, skew:False
                                       Nn(s=0)      Integ_Nn     Nn/N0(@r0)   |    Sn(s=0)      Integ_Sn     Sn/S0(@r0)  
<multipole_order n>                    [T/m^n]      [T.m/m^n]        []       |    [T/m^n]      [T.m/m^n]        []      
n=00:                                5.6610e-01    -3.5775e-01   +1.0000e+00  |      ---           ---           ---     
n=01:                                7.7465e+00    +4.7986e+00   -1.6096e-01  |      ---           ---           ---     
n=02:                                2.9442e-01    +9.7200e-01   -3.9125e-04  |      ---           ---           ---     
n=03:                                9.6776e+00    -2.1299e+01   +1.0288e-04  |      ---           ---           ---     
n=04:                                2.6451e+02    -1.9205e+02   +1.1131e-05  |      ---           ---           ---     
n=05:                                2.9168e+04    -2.5477e+04   +1.7721e-05  |      ---           ---           ---     
n=06:                                1.5472e+06    -6.6455e+05   +5.5467e-06  |      ---           ---           ---     
