--- multipoles on reference trajectory (rz > 0) ---
effective_length:                   631.2026678829662 mm
perpendicular_grid:                 65 points in [-12.000000,+12.000000] mm
max_fitting_error_normal            0.079/4498.026 G/G
max_fitting_error_skew              332.384/332.384 G/G
r0_for_relative_multipoles          12 mm
main_monomial                       n = 0, skew:False
                                       Nn(s=0)      Integ_Nn     Nn/N0(@r0)   |    Sn(s=0)      Integ_Sn     Sn/S0(@r0)  
<multipole_order n>                    [T/m^n]      [T.m/m^n]        []       |    [T/m^n]      [T.m/m^n]        []      
n=00:                                5.3682e-01    -3.3884e-01   +1.0000e+00  |      ---           ---           ---     
n=01:                                7.3556e+00    +4.5536e+00   -1.6126e-01  |      ---           ---           ---     
n=02:                                6.1281e-01    +6.6123e-01   -2.8101e-04  |      ---           ---           ---     
n=03:                                5.9215e+01    -2.3013e+01   +1.1736e-04  |      ---           ---           ---     
n=04:                                3.3798e+03    +2.6138e+03   -1.5996e-04  |      ---           ---           ---     
n=05:                                4.6291e+05    -4.8279e+04   +3.5454e-05  |      ---           ---           ---     
n=06:                                1.7081e+07    -1.1184e+07   +9.8556e-05  |      ---           ---           ---     
