--- multipoles on reference trajectory (rz > 0) ---
effective_length:                   631.1009664050487 mm
perpendicular_grid:                 65 points in [-12.000000,+12.000000] mm
max_fitting_error_normal            0.092/6590.110 G/G
max_fitting_error_skew              356.102/356.102 G/G
r0_for_relative_multipoles          12 mm
main_monomial                       n = 0, skew:False
                                       Nn(s=0)      Integ_Nn     Nn/N0(@r0)   |    Sn(s=0)      Integ_Sn     Sn/S0(@r0)  
<multipole_order n>                    [T/m^n]      [T.m/m^n]        []       |    [T/m^n]      [T.m/m^n]        []      
n=00:                                5.6457e-01    -3.5630e-01   +1.0000e+00  |      ---           ---           ---     
n=01:                                7.7352e+00    +4.7794e+00   -1.6097e-01  |      ---           ---           ---     
n=02:                                5.4980e-01    +9.1233e-01   -3.6872e-04  |      ---           ---           ---     
n=03:                                1.6049e+01    -2.3918e+01   +1.1600e-04  |      ---           ---           ---     
n=04:                                5.2573e+03    +2.2973e+03   -1.3370e-04  |      ---           ---           ---     
n=05:                                5.4222e+04    -5.7606e+04   +4.0231e-05  |      ---           ---           ---     
n=06:                                2.8146e+07    -1.2662e+07   +1.0612e-04  |      ---           ---           ---     
