--- multipoles on reference trajectory (rz > 0) ---
effective_length:                   629.8881884704269 mm
perpendicular_grid:                 65 points in [-12.000000,+12.000000] mm
max_fitting_error_normal            0.086/4733.850 G/G
max_fitting_error_skew              353.273/353.273 G/G
r0_for_relative_multipoles          12 mm
main_monomial                       n = 0, skew:False
                                       Nn(s=0)      Integ_Nn     Nn/N0(@r0)   |    Sn(s=0)      Integ_Sn     Sn/S0(@r0)  
<multipole_order n>                    [T/m^n]      [T.m/m^n]        []       |    [T/m^n]      [T.m/m^n]        []      
n=00:                                5.6437e-01    -3.5549e-01   +1.0000e+00  |      ---           ---           ---     
n=01:                                7.7356e+00    +4.7718e+00   -1.6108e-01  |      ---           ---           ---     
n=02:                                1.1016e+00    +1.0509e+00   -4.2568e-04  |      ---           ---           ---     
n=03:                                5.6107e+00    -4.1174e+01   +2.0014e-04  |      ---           ---           ---     
n=04:                                1.4399e+04    +7.8078e+02   -4.5544e-05  |      ---           ---           ---     
n=05:                                1.4224e+05    +4.1064e+04   -2.8744e-05  |      ---           ---           ---     
n=06:                                5.9993e+07    -2.8763e+06   +2.4160e-05  |      ---           ---           ---     
