--- multipoles on reference trajectory (rz > 0) ---
effective_length:                   631.2941336780534 mm
perpendicular_grid:                 65 points in [-12.000000,+12.000000] mm
max_fitting_error_normal            0.072/6906.387 G/G
max_fitting_error_skew              379.541/379.541 G/G
r0_for_relative_multipoles          12 mm
main_monomial                       n = 0, skew:False
                                       Nn(s=0)      Integ_Nn     Nn/N0(@r0)   |    Sn(s=0)      Integ_Sn     Sn/S0(@r0)  
<multipole_order n>                    [T/m^n]      [T.m/m^n]        []       |    [T/m^n]      [T.m/m^n]        []      
n=00:                                5.9295e-01    -3.7433e-01   +1.0000e+00  |      ---           ---           ---     
n=01:                                8.1221e+00    +5.0194e+00   -1.6091e-01  |      ---           ---           ---     
n=02:                                6.5753e-01    +1.1746e+00   -4.5187e-04  |      ---           ---           ---     
n=03:                                3.0535e+01    -3.0215e+01   +1.3948e-04  |      ---           ---           ---     
n=04:                                1.0426e+04    +1.7692e+03   -9.8007e-05  |      ---           ---           ---     
n=05:                                2.9740e+05    -8.2586e+03   +5.4899e-06  |      ---           ---           ---     
n=06:                                4.1124e+07    -8.5289e+06   +6.8034e-05  |      ---           ---           ---     
