--- multipoles on reference trajectory (rz > 0) ---
effective_length:                   631.0621977543392 mm
perpendicular_grid:                 65 points in [-12.000000,+12.000000] mm
max_fitting_error_normal            0.124/6267.987 G/G
max_fitting_error_skew              330.769/330.769 G/G
r0_for_relative_multipoles          12 mm
main_monomial                       n = 0, skew:False
                                       Nn(s=0)      Integ_Nn     Nn/N0(@r0)   |    Sn(s=0)      Integ_Sn     Sn/S0(@r0)  
<multipole_order n>                    [T/m^n]      [T.m/m^n]        []       |    [T/m^n]      [T.m/m^n]        []      
n=00:                                5.3709e-01    -3.3894e-01   +1.0000e+00  |      ---           ---           ---     
n=01:                                7.3449e+00    +4.5454e+00   -1.6093e-01  |      ---           ---           ---     
n=02:                                1.2192e-01    +7.7718e-01   -3.3019e-04  |      ---           ---           ---     
n=03:                                1.2004e+01    -2.5564e+01   +1.3033e-04  |      ---           ---           ---     
n=04:                                1.6032e+04    -6.3957e+01   +3.9128e-06  |      ---           ---           ---     
n=05:                                3.4210e+05    -8.8547e+04   +6.5007e-05  |      ---           ---           ---     
n=06:                                6.9341e+07    -1.4053e+06   +1.2381e-05  |      ---           ---           ---     
