--- multipoles on reference trajectory (rz > 0) ---
effective_length:                   629.6712886538644 mm
perpendicular_grid:                 65 points in [-12.000000,+12.000000] mm
max_fitting_error_normal            0.124/6267.978 G/G
max_fitting_error_skew              330.769/330.769 G/G
r0_for_relative_multipoles          12 mm
main_monomial                       n = 0, skew:False
                                       Nn(s=0)      Integ_Nn     Nn/N0(@r0)   |    Sn(s=0)      Integ_Sn     Sn/S0(@r0)  
<multipole_order n>                    [T/m^n]      [T.m/m^n]        []       |    [T/m^n]      [T.m/m^n]        []      
n=00:                                5.3709e-01    -3.3819e-01   +1.0000e+00  |      ---           ---           ---     
n=01:                                7.3449e+00    +4.5355e+00   -1.6093e-01  |      ---           ---           ---     
n=02:                                1.2192e-01    +7.7125e-01   -3.2839e-04  |      ---           ---           ---     
n=03:                                1.2004e+01    -2.5526e+01   +1.3043e-04  |      ---           ---           ---     
n=04:                                1.6032e+04    -6.4630e+01   +3.9628e-06  |      ---           ---           ---     
n=05:                                3.4210e+05    -8.8129e+04   +6.4843e-05  |      ---           ---           ---     
n=06:                                6.9341e+07    -1.4044e+06   +1.2400e-05  |      ---           ---           ---     
