--- multipoles on reference trajectory (rz > 0) ---
effective_length:                   629.7080619031809 mm
perpendicular_grid:                 65 points in [-12.000000,+12.000000] mm
max_fitting_error_normal            0.071/4741.437 G/G
max_fitting_error_skew              356.565/356.565 G/G
r0_for_relative_multipoles          17.5 mm
main_monomial                       n = 0, skew:False
                                       Nn(s=0)      Integ_Nn     Nn/N0(@r0)   |    Sn(s=0)      Integ_Sn     Sn/S0(@r0)  
<multipole_order n>                    [T/m^n]      [T.m/m^n]        []       |    [T/m^n]      [T.m/m^n]        []      
n=00:                                5.6685e-01    -3.5695e-01   +1.0000e+00  |      ---           ---           ---     
n=01:                                7.7369e+00    +4.7744e+00   -2.3407e-01  |      ---           ---           ---     
n=02:                                3.9974e-01    +8.9222e-01   -7.6550e-04  |      ---           ---           ---     
n=03:                                9.0498e-01    -2.7155e+01   +4.0771e-04  |      ---           ---           ---     
n=04:                                1.2735e+03    +1.5400e+03   -4.0464e-04  |      ---           ---           ---     
n=05:                                1.9776e+05    -4.5417e+04   +2.0883e-04  |      ---           ---           ---     
n=06:                                1.2128e+07    -9.1243e+06   +7.3421e-04  |      ---           ---           ---     
