--- multipoles on reference trajectory (rz > 0) ---
effective_length:                   630.1069366764265 mm
perpendicular_grid:                 65 points in [-12.000000,+12.000000] mm
max_fitting_error_normal            0.100/5825.953 G/G
max_fitting_error_skew              380.724/380.724 G/G
r0_for_relative_multipoles          17.5 mm
main_monomial                       n = 0, skew:False
                                       Nn(s=0)      Integ_Nn     Nn/N0(@r0)   |    Sn(s=0)      Integ_Sn     Sn/S0(@r0)  
<multipole_order n>                    [T/m^n]      [T.m/m^n]        []       |    [T/m^n]      [T.m/m^n]        []      
n=00:                                5.9465e-01    -3.7469e-01   +1.0000e+00  |      ---           ---           ---     
n=01:                                8.1211e+00    +5.0066e+00   -2.3383e-01  |      ---           ---           ---     
n=02:                                2.2090e-01    +1.1418e+00   -9.3321e-04  |      ---           ---           ---     
n=03:                                1.4060e+01    -2.6215e+01   +3.7496e-04  |      ---           ---           ---     
n=04:                                2.2775e+03    +1.0333e+03   -2.5864e-04  |      ---           ---           ---     
n=05:                                1.8882e+05    -5.4820e+04   +2.4014e-04  |      ---           ---           ---     
n=06:                                1.7179e+06    -7.6062e+06   +5.8307e-04  |      ---           ---           ---     
