--- multipoles on reference trajectory (rz > 0) ---
effective_length:                   631.3667140418685 mm
perpendicular_grid:                 65 points in [-12.000000,+12.000000] mm
max_fitting_error_normal            0.053/4957.553 G/G
max_fitting_error_skew              364.222/364.222 G/G
r0_for_relative_multipoles          12 mm
main_monomial                       n = 0, skew:False
                                       Nn(s=0)      Integ_Nn     Nn/N0(@r0)   |    Sn(s=0)      Integ_Sn     Sn/S0(@r0)  
<multipole_order n>                    [T/m^n]      [T.m/m^n]        []       |    [T/m^n]      [T.m/m^n]        []      
n=00:                                5.9282e-01    -3.7429e-01   +1.0000e+00  |      ---           ---           ---     
n=01:                                8.1103e+00    +5.0192e+00   -1.6092e-01  |      ---           ---           ---     
n=02:                                6.2287e-01    +7.7572e-01   -2.9844e-04  |      ---           ---           ---     
n=03:                                1.8291e+01    -4.7663e+01   +2.2005e-04  |      ---           ---           ---     
n=04:                                5.2710e+03    -8.4723e+01   +4.6938e-06  |      ---           ---           ---     
n=05:                                1.6553e+05    -2.7465e+04   +1.8260e-05  |      ---           ---           ---     
n=06:                                2.0206e+07    -1.1353e+06   +9.0574e-06  |      ---           ---           ---     
