--- multipoles on reference trajectory (rz > 0) ---
effective_length:                   631.3194551730537 mm
perpendicular_grid:                 65 points in [-12.000000,+12.000000] mm
max_fitting_error_normal            0.106/4488.278 G/G
max_fitting_error_skew              332.166/332.166 G/G
r0_for_relative_multipoles          12 mm
main_monomial                       n = 0, skew:False
                                       Nn(s=0)      Integ_Nn     Nn/N0(@r0)   |    Sn(s=0)      Integ_Sn     Sn/S0(@r0)  
<multipole_order n>                    [T/m^n]      [T.m/m^n]        []       |    [T/m^n]      [T.m/m^n]        []      
n=00:                                5.3650e-01    -3.3870e-01   +1.0000e+00  |      ---           ---           ---     
n=01:                                7.3514e+00    +4.5425e+00   -1.6094e-01  |      ---           ---           ---     
n=02:                                4.0808e-01    +7.7937e-01   -3.3135e-04  |      ---           ---           ---     
n=03:                                7.3592e+01    -7.2250e+00   +3.6861e-05  |      ---           ---           ---     
n=04:                                4.4315e+03    +2.4635e+03   -1.5082e-04  |      ---           ---           ---     
n=05:                                4.9242e+05    -1.0179e+05   +7.4779e-05  |      ---           ---           ---     
n=06:                                2.0080e+07    -1.1464e+07   +1.0106e-04  |      ---           ---           ---     
