--- multipoles on reference trajectory (rz > 0) ---
effective_length:                   630.7159670491359 mm
perpendicular_grid:                 65 points in [-12.000000,+12.000000] mm
max_fitting_error_normal            0.093/4485.783 G/G
max_fitting_error_skew              344.941/344.941 G/G
r0_for_relative_multipoles          12 mm
main_monomial                       n = 0, skew:False
                                       Nn(s=0)      Integ_Nn     Nn/N0(@r0)   |    Sn(s=0)      Integ_Sn     Sn/S0(@r0)  
<multipole_order n>                    [T/m^n]      [T.m/m^n]        []       |    [T/m^n]      [T.m/m^n]        []      
n=00:                                5.3642e-01    -3.3833e-01   +1.0000e+00  |      ---           ---           ---     
n=01:                                7.3402e+00    +4.5357e+00   -1.6087e-01  |      ---           ---           ---     
n=02:                                8.4436e-01    +6.1485e-01   -2.6169e-04  |      ---           ---           ---     
n=03:                                3.3584e+01    -2.2190e+01   +1.1333e-04  |      ---           ---           ---     
n=04:                                4.2198e+03    +1.8548e+03   -1.1368e-04  |      ---           ---           ---     
n=05:                                3.3343e+05    -7.3983e+04   +5.4413e-05  |      ---           ---           ---     
n=06:                                1.8820e+07    -8.3587e+06   +7.3772e-05  |      ---           ---           ---     
