--- multipoles on reference trajectory (rz > 0) ---
effective_length:                   630.0687776554711 mm
perpendicular_grid:                 65 points in [-12.000000,+12.000000] mm
max_fitting_error_normal            0.103/5839.539 G/G
max_fitting_error_skew              346.546/346.546 G/G
r0_for_relative_multipoles          12 mm
main_monomial                       n = 0, skew:False
                                       Nn(s=0)      Integ_Nn     Nn/N0(@r0)   |    Sn(s=0)      Integ_Sn     Sn/S0(@r0)  
<multipole_order n>                    [T/m^n]      [T.m/m^n]        []       |    [T/m^n]      [T.m/m^n]        []      
n=00:                                5.6497e-01    -3.5597e-01   +1.0000e+00  |      ---           ---           ---     
n=01:                                7.7391e+00    +4.7753e+00   -1.6098e-01  |      ---           ---           ---     
n=02:                                2.0522e-01    +9.3049e-01   -3.7641e-04  |      ---           ---           ---     
n=03:                                2.7312e+01    -2.2977e+01   +1.1154e-04  |      ---           ---           ---     
n=04:                                4.2646e+01    +7.4060e+02   -4.3142e-05  |      ---           ---           ---     
n=05:                                3.5934e+05    -6.9928e+04   +4.8881e-05  |      ---           ---           ---     
n=06:                                5.2860e+06    -6.0529e+06   +5.0774e-05  |      ---           ---           ---     
