--- multipoles on reference trajectory (rz > 0) ---
effective_length:                   630.8928868255082 mm
perpendicular_grid:                 65 points in [-12.000000,+12.000000] mm
max_fitting_error_normal            0.067/4954.526 G/G
max_fitting_error_skew              374.252/374.252 G/G
r0_for_relative_multipoles          12 mm
main_monomial                       n = 0, skew:False
                                       Nn(s=0)      Integ_Nn     Nn/N0(@r0)   |    Sn(s=0)      Integ_Sn     Sn/S0(@r0)  
<multipole_order n>                    [T/m^n]      [T.m/m^n]        []       |    [T/m^n]      [T.m/m^n]        []      
n=00:                                5.9271e-01    -3.7394e-01   +1.0000e+00  |      ---           ---           ---     
n=01:                                8.1175e+00    +5.0127e+00   -1.6086e-01  |      ---           ---           ---     
n=02:                                7.5592e-01    +1.2562e+00   -4.8376e-04  |      ---           ---           ---     
n=03:                                5.5601e+01    -4.2474e+01   +1.9628e-04  |      ---           ---           ---     
n=04:                                7.8126e+03    -1.2207e+03   +6.7694e-05  |      ---           ---           ---     
n=05:                                1.6825e+04    -1.8199e+04   +1.2111e-05  |      ---           ---           ---     
n=06:                                3.6621e+07    +2.4995e+06   -1.9959e-05  |      ---           ---           ---     
