--- multipoles on reference trajectory (rz > 0) ---
effective_length:                   631.1921887634002 mm
perpendicular_grid:                 65 points in [-12.000000,+12.000000] mm
max_fitting_error_normal            0.066/6293.265 G/G
max_fitting_error_skew              334.929/334.929 G/G
r0_for_relative_multipoles          12 mm
main_monomial                       n = 0, skew:False
                                       Nn(s=0)      Integ_Nn     Nn/N0(@r0)   |    Sn(s=0)      Integ_Sn     Sn/S0(@r0)  
<multipole_order n>                    [T/m^n]      [T.m/m^n]        []       |    [T/m^n]      [T.m/m^n]        []      
n=00:                                5.3699e-01    -3.3894e-01   +1.0000e+00  |      ---           ---           ---     
n=01:                                7.3553e+00    +4.5496e+00   -1.6108e-01  |      ---           ---           ---     
n=02:                                1.2906e+00    +5.8215e-01   -2.4733e-04  |      ---           ---           ---     
n=03:                                6.4276e+01    -2.4298e+01   +1.2388e-04  |      ---           ---           ---     
n=04:                                1.0025e+04    +2.2135e+03   -1.3542e-04  |      ---           ---           ---     
n=05:                                4.3202e+05    -5.6203e+04   +4.1261e-05  |      ---           ---           ---     
n=06:                                3.2036e+07    -8.2392e+06   +7.2585e-05  |      ---           ---           ---     
