--- multipoles on reference trajectory (rz > 0) ---
effective_length:                   631.2640950940566 mm
perpendicular_grid:                 65 points in [-12.000000,+12.000000] mm
max_fitting_error_normal            0.070/4515.141 G/G
max_fitting_error_skew              332.318/332.318 G/G
r0_for_relative_multipoles          12 mm
main_monomial                       n = 0, skew:False
                                       Nn(s=0)      Integ_Nn     Nn/N0(@r0)   |    Sn(s=0)      Integ_Sn     Sn/S0(@r0)  
<multipole_order n>                    [T/m^n]      [T.m/m^n]        []       |    [T/m^n]      [T.m/m^n]        []      
n=00:                                5.3886e-01    -3.4016e-01   +1.0000e+00  |      ---           ---           ---     
n=01:                                7.3618e+00    +4.5533e+00   -1.6063e-01  |      ---           ---           ---     
n=02:                                6.2155e-01    +7.8892e-01   -3.3397e-04  |      ---           ---           ---     
n=03:                                2.0783e+01    -3.7223e+01   +1.8909e-04  |      ---           ---           ---     
n=04:                                2.9644e+03    +1.1810e+03   -7.1992e-05  |      ---           ---           ---     
n=05:                                4.8533e+04    -8.9408e+03   +6.5403e-06  |      ---           ---           ---     
n=06:                                1.3116e+07    -6.8267e+06   +5.9925e-05  |      ---           ---           ---     
