--- multipoles on reference trajectory (rz > 0) ---
effective_length:                   631.4625065524002 mm
perpendicular_grid:                 65 points in [-12.000000,+12.000000] mm
max_fitting_error_normal            0.095/4735.799 G/G
max_fitting_error_skew              359.430/359.430 G/G
r0_for_relative_multipoles          17.5 mm
main_monomial                       n = 0, skew:False
                                       Nn(s=0)      Integ_Nn     Nn/N0(@r0)   |    Sn(s=0)      Integ_Sn     Sn/S0(@r0)  
<multipole_order n>                    [T/m^n]      [T.m/m^n]        []       |    [T/m^n]      [T.m/m^n]        []      
n=00:                                5.6624e-01    -3.5756e-01   +1.0000e+00  |      ---           ---           ---     
n=01:                                7.7315e+00    +4.7768e+00   -2.3379e-01  |      ---           ---           ---     
n=02:                                7.6573e-01    +9.2845e-01   -7.9522e-04  |      ---           ---           ---     
n=03:                                2.5309e+01    -3.1272e+01   +4.6872e-04  |      ---           ---           ---     
n=04:                                9.2430e+03    +1.4061e+03   -3.6882e-04  |      ---           ---           ---     
n=05:                                2.2032e+04    -1.4760e+04   +6.7754e-05  |      ---           ---           ---     
n=06:                                5.0208e+07    -8.4564e+06   +6.7930e-04  |      ---           ---           ---     
