--- multipoles on reference trajectory (rz > 0) ---
effective_length:                   631.0878579959065 mm
perpendicular_grid:                 65 points in [-12.000000,+12.000000] mm
max_fitting_error_normal            0.077/4759.279 G/G
max_fitting_error_skew              355.437/355.437 G/G
r0_for_relative_multipoles          12 mm
main_monomial                       n = 0, skew:False
                                       Nn(s=0)      Integ_Nn     Nn/N0(@r0)   |    Sn(s=0)      Integ_Sn     Sn/S0(@r0)  
<multipole_order n>                    [T/m^n]      [T.m/m^n]        []       |    [T/m^n]      [T.m/m^n]        []      
n=00:                                5.6440e-01    -3.5619e-01   +1.0000e+00  |      ---           ---           ---     
n=01:                                7.7330e+00    +4.7787e+00   -1.6100e-01  |      ---           ---           ---     
n=02:                                2.8740e-01    +9.2570e-01   -3.7425e-04  |      ---           ---           ---     
n=03:                                1.4299e+01    -2.1459e+01   +1.0411e-04  |      ---           ---           ---     
n=04:                                1.1621e+03    +4.9867e+02   -2.9031e-05  |      ---           ---           ---     
n=05:                                2.4322e+05    -8.1196e+04   +5.6723e-05  |      ---           ---           ---     
n=06:                                1.4386e+07    -3.8789e+06   +3.2518e-05  |      ---           ---           ---     
