--- multipoles on reference trajectory (rz > 0) ---
effective_length:                   631.7383484086674 mm
perpendicular_grid:                 65 points in [-12.000000,+12.000000] mm
max_fitting_error_normal            0.122/6915.462 G/G
max_fitting_error_skew              381.786/381.786 G/G
r0_for_relative_multipoles          12 mm
main_monomial                       n = 0, skew:False
                                       Nn(s=0)      Integ_Nn     Nn/N0(@r0)   |    Sn(s=0)      Integ_Sn     Sn/S0(@r0)  
<multipole_order n>                    [T/m^n]      [T.m/m^n]        []       |    [T/m^n]      [T.m/m^n]        []      
n=00:                                5.9225e-01    -3.7415e-01   +1.0000e+00  |      ---           ---           ---     
n=01:                                8.1080e+00    +5.0140e+00   -1.6081e-01  |      ---           ---           ---     
n=02:                                6.3416e-02    +1.0933e+00   -4.2080e-04  |      ---           ---           ---     
n=03:                                2.9590e+01    -2.6761e+01   +1.2360e-04  |      ---           ---           ---     
n=04:                                6.8056e+03    -1.4331e+03   +7.9426e-05  |      ---           ---           ---     
n=05:                                1.8596e+04    -5.5624e+04   +3.6993e-05  |      ---           ---           ---     
n=06:                                1.8051e+07    +3.2664e+06   -2.6069e-05  |      ---           ---           ---     
