--- multipoles on reference trajectory (rz > 0) ---
effective_length:                   631.3249377418409 mm
perpendicular_grid:                 65 points in [-12.000000,+12.000000] mm
max_fitting_error_normal            0.070/4722.892 G/G
max_fitting_error_skew              355.809/355.809 G/G
r0_for_relative_multipoles          12 mm
main_monomial                       n = 0, skew:False
                                       Nn(s=0)      Integ_Nn     Nn/N0(@r0)   |    Sn(s=0)      Integ_Sn     Sn/S0(@r0)  
<multipole_order n>                    [T/m^n]      [T.m/m^n]        []       |    [T/m^n]      [T.m/m^n]        []      
n=00:                                5.6434e-01    -3.5628e-01   +1.0000e+00  |      ---           ---           ---     
n=01:                                7.7327e+00    +4.7785e+00   -1.6095e-01  |      ---           ---           ---     
n=02:                                1.6122e-01    +9.7963e-01   -3.9595e-04  |      ---           ---           ---     
n=03:                                1.8787e+01    -1.8927e+01   +9.1797e-05  |      ---           ---           ---     
n=04:                                5.5878e+03    +1.8692e+03   -1.0879e-04  |      ---           ---           ---     
n=05:                                2.5492e+05    -6.3545e+04   +4.4381e-05  |      ---           ---           ---     
n=06:                                3.6624e+07    -1.1522e+07   +9.6565e-05  |      ---           ---           ---     
