--- multipoles on reference trajectory (rz > 0) ---
effective_length:                   631.9366540583429 mm
perpendicular_grid:                 65 points in [-12.000000,+12.000000] mm
max_fitting_error_normal            0.121/6926.417 G/G
max_fitting_error_skew              366.678/366.678 G/G
r0_for_relative_multipoles          17.5 mm
main_monomial                       n = 0, skew:False
                                       Nn(s=0)      Integ_Nn     Nn/N0(@r0)   |    Sn(s=0)      Integ_Sn     Sn/S0(@r0)  
<multipole_order n>                    [T/m^n]      [T.m/m^n]        []       |    [T/m^n]      [T.m/m^n]        []      
n=00:                                5.9424e-01    -3.7552e-01   +1.0000e+00  |      ---           ---           ---     
n=01:                                8.1177e+00    +5.0125e+00   -2.3359e-01  |      ---           ---           ---     
n=02:                                1.9275e-01    +1.3067e+00   -1.0656e-03  |      ---           ---           ---     
n=03:                                6.0046e+01    -2.1812e+01   +3.1129e-04  |      ---           ---           ---     
n=04:                                1.2956e+03    -1.1041e+03   +2.7577e-04  |      ---           ---           ---     
n=05:                                1.8253e+05    -7.9950e+04   +3.4944e-04  |      ---           ---           ---     
n=06:                                2.6654e+07    +1.7314e+05   -1.3243e-05  |      ---           ---           ---     
