--- multipoles on reference trajectory (rz > 0) ---
effective_length:                   629.5164456753967 mm
perpendicular_grid:                 41 points in [-10.000000,+10.000000] mm
max_fitting_error_normal            0.017/4607.241 G/G
max_fitting_error_skew              0.000/0.000 G/G
r0_for_relative_multipoles          12 mm
main_monomial                       n = 0, skew:False
                                       Nn(s=0)      Integ_Nn     Nn/N0(@r0)   |    Sn(s=0)      Integ_Sn     Sn/S0(@r0)  
<multipole_order n>                    [T/m^n]      [T.m/m^n]        []       |    [T/m^n]      [T.m/m^n]        []      
n=00:                                5.6632e-01    -3.5769e-01   +1.0000e+00  |      ---           ---           ---     
n=01:                                7.7666e+00    +4.8069e+00   -1.6126e-01  |      ---           ---           ---     
n=02:                                1.5216e+00    +2.4594e-01   -9.9010e-05  |      ---           ---           ---     
n=03:                                8.7556e-01    -1.1747e+01   +5.6749e-05  |      ---           ---           ---     
n=04:                                3.4067e+03    -2.1796e+03   +1.2635e-04  |      ---           ---           ---     
n=05:                                5.2796e+04    +3.2030e+04   -2.2282e-05  |      ---           ---           ---     
n=06:                                4.3950e+06    -2.5951e+06   +2.1664e-05  |      ---           ---           ---     
