--- multipoles on reference trajectory (rz > 0) ---
effective_length:                   630.8283754401033 mm
perpendicular_grid:                 65 points in [-12.000000,+12.000000] mm
max_fitting_error_normal            0.083/5903.336 G/G
max_fitting_error_skew              348.659/348.659 G/G
r0_for_relative_multipoles          12 mm
main_monomial                       n = 0, skew:False
                                       Nn(s=0)      Integ_Nn     Nn/N0(@r0)   |    Sn(s=0)      Integ_Sn     Sn/S0(@r0)  
<multipole_order n>                    [T/m^n]      [T.m/m^n]        []       |    [T/m^n]      [T.m/m^n]        []      
n=00:                                5.6655e-01    -3.5740e-01   +1.0000e+00  |      ---           ---           ---     
n=01:                                7.7329e+00    +4.7775e+00   -1.6041e-01  |      ---           ---           ---     
n=02:                                7.1846e-01    +9.5761e-01   -3.8584e-04  |      ---           ---           ---     
n=03:                                1.0813e+01    -3.5238e+01   +1.7038e-04  |      ---           ---           ---     
n=04:                                5.2311e+03    +6.5705e+02   -3.8122e-05  |      ---           ---           ---     
n=05:                                1.3155e+05    -2.0948e+04   +1.4585e-05  |      ---           ---           ---     
n=06:                                2.4240e+07    -4.8514e+06   +4.0533e-05  |      ---           ---           ---     
