--- multipoles on reference trajectory (rz > 0) ---
effective_length:                   631.6063848928875 mm
perpendicular_grid:                 65 points in [-12.000000,+12.000000] mm
max_fitting_error_normal            0.083/4512.510 G/G
max_fitting_error_skew              330.237/330.237 G/G
r0_for_relative_multipoles          12 mm
main_monomial                       n = 0, skew:False
                                       Nn(s=0)      Integ_Nn     Nn/N0(@r0)   |    Sn(s=0)      Integ_Sn     Sn/S0(@r0)  
<multipole_order n>                    [T/m^n]      [T.m/m^n]        []       |    [T/m^n]      [T.m/m^n]        []      
n=00:                                5.3665e-01    -3.3895e-01   +1.0000e+00  |      ---           ---           ---     
n=01:                                7.3450e+00    +4.5440e+00   -1.6088e-01  |      ---           ---           ---     
n=02:                                1.2308e+00    +6.0748e-01   -2.5808e-04  |      ---           ---           ---     
n=03:                                3.9821e+01    -3.8058e+01   +1.9402e-04  |      ---           ---           ---     
n=04:                                6.9477e+03    +2.5799e+03   -1.5783e-04  |      ---           ---           ---     
n=05:                                4.5135e+05    -8.6645e+03   +6.3608e-06  |      ---           ---           ---     
n=06:                                2.8364e+07    -1.3122e+07   +1.1560e-04  |      ---           ---           ---     
