--- multipoles on reference trajectory (rz > 0) ---
effective_length:                   628.5342904634336 mm
perpendicular_grid:                 65 points in [-12.000000,+12.000000] mm
max_fitting_error_normal            0.093/4634.514 G/G
max_fitting_error_skew              348.089/348.089 G/G
r0_for_relative_multipoles          12 mm
main_monomial                       n = 0, skew:False
                                       Nn(s=0)      Integ_Nn     Nn/N0(@r0)   |    Sn(s=0)      Integ_Sn     Sn/S0(@r0)  
<multipole_order n>                    [T/m^n]      [T.m/m^n]        []       |    [T/m^n]      [T.m/m^n]        []      
n=00:                                5.6512e-01    -3.5520e-01   +1.0000e+00  |      ---           ---           ---     
n=01:                                7.7422e+00    +4.7696e+00   -1.6114e-01  |      ---           ---           ---     
n=02:                                5.3713e-01    +8.9156e-01   -3.6144e-04  |      ---           ---           ---     
n=03:                                2.8594e+01    -2.4196e+01   +1.1771e-04  |      ---           ---           ---     
n=04:                                7.6410e+03    +2.6336e+03   -1.5374e-04  |      ---           ---           ---     
n=05:                                2.8141e+05    -4.6413e+04   +3.2515e-05  |      ---           ---           ---     
n=06:                                3.9562e+07    -1.2862e+07   +1.0812e-04  |      ---           ---           ---     
