--- multipoles on reference trajectory (rz > 0) ---
effective_length:                   631.3533437700764 mm
perpendicular_grid:                 65 points in [-12.000000,+12.000000] mm
max_fitting_error_normal            0.113/4754.674 G/G
max_fitting_error_skew              364.654/364.654 G/G
r0_for_relative_multipoles          12 mm
main_monomial                       n = 0, skew:False
                                       Nn(s=0)      Integ_Nn     Nn/N0(@r0)   |    Sn(s=0)      Integ_Sn     Sn/S0(@r0)  
<multipole_order n>                    [T/m^n]      [T.m/m^n]        []       |    [T/m^n]      [T.m/m^n]        []      
n=00:                                5.6627e-01    -3.5751e-01   +1.0000e+00  |      ---           ---           ---     
n=01:                                7.7256e+00    +4.7743e+00   -1.6025e-01  |      ---           ---           ---     
n=02:                                5.6820e-01    +8.8787e-01   -3.5762e-04  |      ---           ---           ---     
n=03:                                7.6994e+01    -1.4871e+01   +7.1879e-05  |      ---           ---           ---     
n=04:                                8.4771e+03    +2.5332e+03   -1.4693e-04  |      ---           ---           ---     
n=05:                                6.4539e+05    -1.0789e+05   +7.5094e-05  |      ---           ---           ---     
n=06:                                4.7696e+07    -1.5072e+07   +1.2588e-04  |      ---           ---           ---     
