--- multipoles on reference trajectory (rz > 0) ---
effective_length:                   631.2811369878717 mm
perpendicular_grid:                 65 points in [-12.000000,+12.000000] mm
max_fitting_error_normal            0.384/3197.696 G/G
max_fitting_error_skew              9.010/9.010 G/G
r0_for_relative_multipoles          12 mm
main_monomial                       n = 0, skew:False
                                       Nn(s=0)      Integ_Nn     Nn/N0(@r0)   |    Sn(s=0)      Integ_Sn     Sn/S0(@r0)  
<multipole_order n>                    [T/m^n]      [T.m/m^n]        []       |    [T/m^n]      [T.m/m^n]        []      
n=00:                                5.3278e-01    -3.3633e-01   +1.0000e+00  |      ---           ---           ---     
n=01:                                7.3242e+00    +4.5313e+00   -1.6167e-01  |      ---           ---           ---     
n=02:                                8.0312e-01    +5.5528e-01   -2.3774e-04  |      ---           ---           ---     
n=03:                                8.4082e+00    -2.8300e+01   +1.4540e-04  |      ---           ---           ---     
n=04:                                6.8106e+01    +1.1777e+02   -7.2608e-06  |      ---           ---           ---     
n=05:                                1.0137e+05    -2.2843e+04   +1.6900e-05  |      ---           ---           ---     
n=06:                                4.0909e+05    -1.6963e+06   +1.5060e-05  |      ---           ---           ---     
