--- multipoles on reference trajectory (rz > 0) ---
effective_length:                   629.2503380641498 mm
perpendicular_grid:                 65 points in [-12.000000,+12.000000] mm
max_fitting_error_normal            0.060/4520.674 G/G
max_fitting_error_skew              332.716/332.716 G/G
r0_for_relative_multipoles          12 mm
main_monomial                       n = 0, skew:False
                                       Nn(s=0)      Integ_Nn     Nn/N0(@r0)   |    Sn(s=0)      Integ_Sn     Sn/S0(@r0)  
<multipole_order n>                    [T/m^n]      [T.m/m^n]        []       |    [T/m^n]      [T.m/m^n]        []      
n=00:                                5.3757e-01    -3.3826e-01   +1.0000e+00  |      ---           ---           ---     
n=01:                                7.3641e+00    +4.5408e+00   -1.6109e-01  |      ---           ---           ---     
n=02:                                9.3242e-02    +8.0940e-01   -3.4457e-04  |      ---           ---           ---     
n=03:                                7.0802e+00    -3.0976e+01   +1.5824e-04  |      ---           ---           ---     
n=04:                                4.1162e+03    +2.3093e+02   -1.4156e-05  |      ---           ---           ---     
n=05:                                8.8692e+04    -3.1913e+04   +2.3476e-05  |      ---           ---           ---     
n=06:                                1.6632e+07    -1.0343e+06   +9.1298e-06  |      ---           ---           ---     
