--- multipoles on reference trajectory (rz > 0) ---
effective_length:                   630.2432562220371 mm
perpendicular_grid:                 65 points in [-12.000000,+12.000000] mm
max_fitting_error_normal            0.079/6909.429 G/G
max_fitting_error_skew              375.488/375.488 G/G
r0_for_relative_multipoles          12 mm
main_monomial                       n = 0, skew:False
                                       Nn(s=0)      Integ_Nn     Nn/N0(@r0)   |    Sn(s=0)      Integ_Sn     Sn/S0(@r0)  
<multipole_order n>                    [T/m^n]      [T.m/m^n]        []       |    [T/m^n]      [T.m/m^n]        []      
n=00:                                5.9244e-01    -3.7338e-01   +1.0000e+00  |      ---           ---           ---     
n=01:                                8.1107e+00    +5.0037e+00   -1.6081e-01  |      ---           ---           ---     
n=02:                                5.3342e-01    +1.1687e+00   -4.5071e-04  |      ---           ---           ---     
n=03:                                2.3814e+01    -3.6779e+01   +1.7021e-04  |      ---           ---           ---     
n=04:                                3.7764e+03    -2.8370e+03   +1.5755e-04  |      ---           ---           ---     
n=05:                                1.6003e+04    -2.6667e+04   +1.7772e-05  |      ---           ---           ---     
n=06:                                2.4532e+07    +7.8489e+06   -6.2768e-05  |      ---           ---           ---     
