--- multipoles on reference trajectory (rz > 0) ---
effective_length:                   631.3538130089455 mm
perpendicular_grid:                 65 points in [-12.000000,+12.000000] mm
max_fitting_error_normal            0.132/6615.210 G/G
max_fitting_error_skew              360.589/360.589 G/G
r0_for_relative_multipoles          12 mm
main_monomial                       n = 0, skew:False
                                       Nn(s=0)      Integ_Nn     Nn/N0(@r0)   |    Sn(s=0)      Integ_Sn     Sn/S0(@r0)  
<multipole_order n>                    [T/m^n]      [T.m/m^n]        []       |    [T/m^n]      [T.m/m^n]        []      
n=00:                                5.6474e-01    -3.5655e-01   +1.0000e+00  |      ---           ---           ---     
n=01:                                7.7462e+00    +4.7850e+00   -1.6104e-01  |      ---           ---           ---     
n=02:                                7.7369e-01    +1.0108e+00   -4.0823e-04  |      ---           ---           ---     
n=03:                                3.1794e+01    -3.3233e+01   +1.6106e-04  |      ---           ---           ---     
n=04:                                1.0311e+04    +1.6769e+03   -9.7524e-05  |      ---           ---           ---     
n=05:                                1.0185e+05    -3.3892e+04   +2.3653e-05  |      ---           ---           ---     
n=06:                                4.7903e+07    -1.0201e+07   +8.5430e-05  |      ---           ---           ---     
