--- multipoles on reference trajectory (rz > 0) ---
effective_length:                   631.4680368675017 mm
perpendicular_grid:                 65 points in [-12.000000,+12.000000] mm
max_fitting_error_normal            0.103/5838.709 G/G
max_fitting_error_skew              346.497/346.497 G/G
r0_for_relative_multipoles          12 mm
main_monomial                       n = 0, skew:False
                                       Nn(s=0)      Integ_Nn     Nn/N0(@r0)   |    Sn(s=0)      Integ_Sn     Sn/S0(@r0)  
<multipole_order n>                    [T/m^n]      [T.m/m^n]        []       |    [T/m^n]      [T.m/m^n]        []      
n=00:                                5.6488e-01    -3.5670e-01   +1.0000e+00  |      ---           ---           ---     
n=01:                                7.7390e+00    +4.7857e+00   -1.6100e-01  |      ---           ---           ---     
n=02:                                2.0160e-01    +9.3640e-01   -3.7802e-04  |      ---           ---           ---     
n=03:                                2.7294e+01    -2.3024e+01   +1.1154e-04  |      ---           ---           ---     
n=04:                                4.4281e+01    +7.3529e+02   -4.2744e-05  |      ---           ---           ---     
n=05:                                3.5958e+05    -7.0462e+04   +4.9154e-05  |      ---           ---           ---     
n=06:                                4.9036e+06    -6.0324e+06   +5.0497e-05  |      ---           ---           ---     
