--- multipoles on reference trajectory (rz > 0) ---
effective_length:                   631.6989880626683 mm
perpendicular_grid:                 65 points in [-12.000000,+12.000000] mm
max_fitting_error_normal            0.049/6262.114 G/G
max_fitting_error_skew              340.254/340.254 G/G
r0_for_relative_multipoles          12 mm
main_monomial                       n = 0, skew:False
                                       Nn(s=0)      Integ_Nn     Nn/N0(@r0)   |    Sn(s=0)      Integ_Sn     Sn/S0(@r0)  
<multipole_order n>                    [T/m^n]      [T.m/m^n]        []       |    [T/m^n]      [T.m/m^n]        []      
n=00:                                5.3629e-01    -3.3877e-01   +1.0000e+00  |      ---           ---           ---     
n=01:                                7.3488e+00    +4.5430e+00   -1.6092e-01  |      ---           ---           ---     
n=02:                                2.3469e-01    +7.5569e-01   -3.2122e-04  |      ---           ---           ---     
n=03:                                3.1677e+01    -1.8067e+01   +9.2156e-05  |      ---           ---           ---     
n=04:                                4.2482e+03    -1.1989e+02   +7.3382e-06  |      ---           ---           ---     
n=05:                                4.8728e+04    -4.9561e+04   +3.6403e-05  |      ---           ---           ---     
n=06:                                1.3926e+07    -2.3708e+05   +2.0897e-06  |      ---           ---           ---     
