--- multipoles on reference trajectory (rz > 0) ---
effective_length:                   631.1537613661766 mm
perpendicular_grid:                 65 points in [-12.000000,+12.000000] mm
max_fitting_error_normal            0.070/4724.658 G/G
max_fitting_error_skew              351.406/351.406 G/G
r0_for_relative_multipoles          12 mm
main_monomial                       n = 0, skew:False
                                       Nn(s=0)      Integ_Nn     Nn/N0(@r0)   |    Sn(s=0)      Integ_Sn     Sn/S0(@r0)  
<multipole_order n>                    [T/m^n]      [T.m/m^n]        []       |    [T/m^n]      [T.m/m^n]        []      
n=00:                                5.6472e-01    -3.5642e-01   +1.0000e+00  |      ---           ---           ---     
n=01:                                7.7376e+00    +4.7821e+00   -1.6100e-01  |      ---           ---           ---     
n=02:                                9.5851e-02    +1.1692e+00   -4.7236e-04  |      ---           ---           ---     
n=03:                                5.5773e+01    -2.9384e+01   +1.4246e-04  |      ---           ---           ---     
n=04:                                9.8383e+01    -6.6399e+02   +3.8629e-05  |      ---           ---           ---     
n=05:                                5.3283e+04    -3.7867e+04   +2.6436e-05  |      ---           ---           ---     
n=06:                                9.4143e+06    -1.2552e+06   +1.0515e-05  |      ---           ---           ---     
