--- multipoles on reference trajectory (rz > 0) ---
effective_length:                   631.0785908388098 mm
perpendicular_grid:                 65 points in [-12.000000,+12.000000] mm
max_fitting_error_normal            0.124/6267.089 G/G
max_fitting_error_skew              330.722/330.722 G/G
r0_for_relative_multipoles          12 mm
main_monomial                       n = 0, skew:False
                                       Nn(s=0)      Integ_Nn     Nn/N0(@r0)   |    Sn(s=0)      Integ_Sn     Sn/S0(@r0)  
<multipole_order n>                    [T/m^n]      [T.m/m^n]        []       |    [T/m^n]      [T.m/m^n]        []      
n=00:                                5.3700e-01    -3.3889e-01   +1.0000e+00  |      ---           ---           ---     
n=01:                                7.3449e+00    +4.5454e+00   -1.6095e-01  |      ---           ---           ---     
n=02:                                1.2427e-01    +7.7707e-01   -3.3019e-04  |      ---           ---           ---     
n=03:                                1.1572e+01    -2.5559e+01   +1.3033e-04  |      ---           ---           ---     
n=04:                                1.6100e+04    -8.5123e+01   +5.2085e-06  |      ---           ---           ---     
n=05:                                3.3962e+05    -8.8681e+04   +6.5114e-05  |      ---           ---           ---     
n=06:                                6.9619e+07    -1.3151e+06   +1.1587e-05  |      ---           ---           ---     
