--- multipoles on reference trajectory (rz > 0) ---
effective_length:                   631.1004974040429 mm
perpendicular_grid:                 65 points in [-12.000000,+12.000000] mm
max_fitting_error_normal            0.061/6605.969 G/G
max_fitting_error_skew              347.492/347.492 G/G
r0_for_relative_multipoles          12 mm
main_monomial                       n = 0, skew:False
                                       Nn(s=0)      Integ_Nn     Nn/N0(@r0)   |    Sn(s=0)      Integ_Sn     Sn/S0(@r0)  
<multipole_order n>                    [T/m^n]      [T.m/m^n]        []       |    [T/m^n]      [T.m/m^n]        []      
n=00:                                5.6649e-01    -3.5751e-01   +1.0000e+00  |      ---           ---           ---     
n=01:                                7.7347e+00    +4.7780e+00   -1.6038e-01  |      ---           ---           ---     
n=02:                                2.3437e-01    +1.0115e+00   -4.0744e-04  |      ---           ---           ---     
n=03:                                2.4436e+01    -2.3987e+01   +1.1594e-04  |      ---           ---           ---     
n=04:                                1.3972e+03    -6.4826e+02   +3.7600e-05  |      ---           ---           ---     
n=05:                                4.6359e+04    -7.9980e+04   +5.5668e-05  |      ---           ---           ---     
n=06:                                3.3316e+06    +1.6076e+06   -1.3427e-05  |      ---           ---           ---     
