--- multipoles on reference trajectory (rz > 0) ---
effective_length:                   631.4940481151598 mm
perpendicular_grid:                 65 points in [-12.000000,+12.000000] mm
max_fitting_error_normal            0.115/6594.916 G/G
max_fitting_error_skew              358.488/358.488 G/G
r0_for_relative_multipoles          12 mm
main_monomial                       n = 0, skew:False
                                       Nn(s=0)      Integ_Nn     Nn/N0(@r0)   |    Sn(s=0)      Integ_Sn     Sn/S0(@r0)  
<multipole_order n>                    [T/m^n]      [T.m/m^n]        []       |    [T/m^n]      [T.m/m^n]        []      
n=00:                                5.6443e-01    -3.5643e-01   +1.0000e+00  |      ---           ---           ---     
n=01:                                7.7311e+00    +4.7755e+00   -1.6078e-01  |      ---           ---           ---     
n=02:                                2.9744e-01    +9.2221e-01   -3.7257e-04  |      ---           ---           ---     
n=03:                                1.2363e+01    -3.8785e+01   +1.8803e-04  |      ---           ---           ---     
n=04:                                4.3091e+03    +1.1849e+03   -6.8930e-05  |      ---           ---           ---     
n=05:                                2.4669e+05    -3.6090e+03   +2.5195e-06  |      ---           ---           ---     
n=06:                                1.5592e+07    -6.6692e+06   +5.5870e-05  |      ---           ---           ---     
