--- multipoles on reference trajectory (rz > 0) ---
effective_length:                   630.9516045179581 mm
perpendicular_grid:                 65 points in [-12.000000,+12.000000] mm
max_fitting_error_normal            0.075/4727.225 G/G
max_fitting_error_skew              352.988/352.988 G/G
r0_for_relative_multipoles          12 mm
main_monomial                       n = 0, skew:False
                                       Nn(s=0)      Integ_Nn     Nn/N0(@r0)   |    Sn(s=0)      Integ_Sn     Sn/S0(@r0)  
<multipole_order n>                    [T/m^n]      [T.m/m^n]        []       |    [T/m^n]      [T.m/m^n]        []      
n=00:                                5.6501e-01    -3.5650e-01   +1.0000e+00  |      ---           ---           ---     
n=01:                                7.7432e+00    +4.7797e+00   -1.6089e-01  |      ---           ---           ---     
n=02:                                2.8258e-01    +9.8437e-01   -3.9762e-04  |      ---           ---           ---     
n=03:                                1.9516e+01    -3.1866e+01   +1.5446e-04  |      ---           ---           ---     
n=04:                                2.8242e+03    +1.8259e+03   -1.0621e-04  |      ---           ---           ---     
n=05:                                8.7298e+04    -2.3705e+04   +1.6546e-05  |      ---           ---           ---     
n=06:                                2.0982e+07    -9.6151e+06   +8.0535e-05  |      ---           ---           ---     
