--- multipoles on reference trajectory (rz > 0) ---
effective_length:                   631.1141150262766 mm
perpendicular_grid:                 65 points in [-12.000000,+12.000000] mm
max_fitting_error_normal            0.083/5859.640 G/G
max_fitting_error_skew              350.832/350.832 G/G
r0_for_relative_multipoles          12 mm
main_monomial                       n = 0, skew:False
                                       Nn(s=0)      Integ_Nn     Nn/N0(@r0)   |    Sn(s=0)      Integ_Sn     Sn/S0(@r0)  
<multipole_order n>                    [T/m^n]      [T.m/m^n]        []       |    [T/m^n]      [T.m/m^n]        []      
n=00:                                5.6622e-01    -3.5735e-01   +1.0000e+00  |      ---           ---           ---     
n=01:                                7.7378e+00    +4.7764e+00   -1.6039e-01  |      ---           ---           ---     
n=02:                                3.0032e-01    +1.1057e+00   -4.4556e-04  |      ---           ---           ---     
n=03:                                4.4363e+01    -2.6953e+01   +1.3033e-04  |      ---           ---           ---     
n=04:                                6.3128e+03    -2.2472e+00   +1.3040e-07  |      ---           ---           ---     
n=05:                                9.9562e+04    -2.8159e+04   +1.9608e-05  |      ---           ---           ---     
n=06:                                3.8843e+07    -1.7667e+06   +1.4762e-05  |      ---           ---           ---     
