--- multipoles on reference trajectory (rz > 0) ---
effective_length:                   632.1130545222514 mm
perpendicular_grid:                 65 points in [-12.000000,+12.000000] mm
max_fitting_error_normal            0.080/4984.694 G/G
max_fitting_error_skew              364.641/364.641 G/G
r0_for_relative_multipoles          12 mm
main_monomial                       n = 0, skew:False
                                       Nn(s=0)      Integ_Nn     Nn/N0(@r0)   |    Sn(s=0)      Integ_Sn     Sn/S0(@r0)  
<multipole_order n>                    [T/m^n]      [T.m/m^n]        []       |    [T/m^n]      [T.m/m^n]        []      
n=00:                                5.9260e-01    -3.7459e-01   +1.0000e+00  |      ---           ---           ---     
n=01:                                8.1094e+00    +5.0150e+00   -1.6066e-01  |      ---           ---           ---     
n=02:                                7.8937e-01    +8.8290e-01   -3.3941e-04  |      ---           ---           ---     
n=03:                                2.2706e-01    -2.9555e+01   +1.3634e-04  |      ---           ---           ---     
n=04:                                6.5811e+03    +2.0965e+03   -1.1606e-04  |      ---           ---           ---     
n=05:                                2.1570e+05    -6.8876e+04   +4.5753e-05  |      ---           ---           ---     
n=06:                                3.2900e+07    -1.0349e+07   +8.2493e-05  |      ---           ---           ---     
