--- multipoles on reference trajectory (rz > 0) ---
effective_length:                   630.8823444105578 mm
perpendicular_grid:                 65 points in [-12.000000,+12.000000] mm
max_fitting_error_normal            0.214/3692.247 G/G
max_fitting_error_skew              11.909/11.909 G/G
r0_for_relative_multipoles          12 mm
main_monomial                       n = 0, skew:False
                                       Nn(s=0)      Integ_Nn     Nn/N0(@r0)   |    Sn(s=0)      Integ_Sn     Sn/S0(@r0)  
<multipole_order n>                    [T/m^n]      [T.m/m^n]        []       |    [T/m^n]      [T.m/m^n]        []      
n=00:                                5.9204e-01    -3.7351e-01   +1.0000e+00  |      ---           ---           ---     
n=01:                                8.1457e+00    +5.0335e+00   -1.6172e-01  |      ---           ---           ---     
n=02:                                1.8630e-01    +1.0856e+00   -4.1853e-04  |      ---           ---           ---     
n=03:                                4.9012e+01    -2.4067e+01   +1.1135e-04  |      ---           ---           ---     
n=04:                                1.5687e+04    -3.2478e+03   +1.8031e-04  |      ---           ---           ---     
n=05:                                6.5970e+04    -8.3690e+04   +5.5755e-05  |      ---           ---           ---     
n=06:                                6.5280e+07    +1.0163e+07   -8.1247e-05  |      ---           ---           ---     
