--- multipoles on reference trajectory (rz > 0) ---
effective_length:                   630.7286064069523 mm
perpendicular_grid:                 65 points in [-12.000000,+12.000000] mm
max_fitting_error_normal            0.079/6913.715 G/G
max_fitting_error_skew              363.560/363.560 G/G
r0_for_relative_multipoles          12 mm
main_monomial                       n = 0, skew:False
                                       Nn(s=0)      Integ_Nn     Nn/N0(@r0)   |    Sn(s=0)      Integ_Sn     Sn/S0(@r0)  
<multipole_order n>                    [T/m^n]      [T.m/m^n]        []       |    [T/m^n]      [T.m/m^n]        []      
n=00:                                5.9325e-01    -3.7418e-01   +1.0000e+00  |      ---           ---           ---     
n=01:                                8.1242e+00    +5.0175e+00   -1.6091e-01  |      ---           ---           ---     
n=02:                                1.1161e+00    +1.4589e+00   -5.6145e-04  |      ---           ---           ---     
n=03:                                5.0828e+01    -1.6983e+01   +7.8430e-05  |      ---           ---           ---     
n=04:                                1.5788e+04    -3.7295e+03   +2.0668e-04  |      ---           ---           ---     
n=05:                                1.0266e+05    -8.8109e+04   +5.8593e-05  |      ---           ---           ---     
n=06:                                5.2369e+07    +1.0828e+07   -8.6405e-05  |      ---           ---           ---     
