--- multipoles on reference trajectory (rz > 0) ---
effective_length:                   629.2033352592753 mm
perpendicular_grid:                 65 points in [-12.000000,+12.000000] mm
max_fitting_error_normal            0.077/4990.790 G/G
max_fitting_error_skew              365.591/365.591 G/G
r0_for_relative_multipoles          12 mm
main_monomial                       n = 0, skew:False
                                       Nn(s=0)      Integ_Nn     Nn/N0(@r0)   |    Sn(s=0)      Integ_Sn     Sn/S0(@r0)  
<multipole_order n>                    [T/m^n]      [T.m/m^n]        []       |    [T/m^n]      [T.m/m^n]        []      
n=00:                                5.9369e-01    -3.7355e-01   +1.0000e+00  |      ---           ---           ---     
n=01:                                8.1264e+00    +5.0101e+00   -1.6095e-01  |      ---           ---           ---     
n=02:                                1.0088e-01    +1.1878e+00   -4.5788e-04  |      ---           ---           ---     
n=03:                                7.9993e+00    -3.0214e+01   +1.3977e-04  |      ---           ---           ---     
n=04:                                9.1258e+02    +9.1257e+02   -5.0657e-05  |      ---           ---           ---     
n=05:                                9.0149e+04    -3.4353e+04   +2.2884e-05  |      ---           ---           ---     
n=06:                                6.7073e+06    -7.7560e+06   +6.1998e-05  |      ---           ---           ---     
