--- multipoles on reference trajectory (rz > 0) ---
effective_length:                   631.6459478223708 mm
perpendicular_grid:                 65 points in [-12.000000,+12.000000] mm
max_fitting_error_normal            0.049/6280.121 G/G
max_fitting_error_skew              341.222/341.222 G/G
r0_for_relative_multipoles          17.5 mm
main_monomial                       n = 0, skew:False
                                       Nn(s=0)      Integ_Nn     Nn/N0(@r0)   |    Sn(s=0)      Integ_Sn     Sn/S0(@r0)  
<multipole_order n>                    [T/m^n]      [T.m/m^n]        []       |    [T/m^n]      [T.m/m^n]        []      
n=00:                                5.3809e-01    -3.3988e-01   +1.0000e+00  |      ---           ---           ---     
n=01:                                7.3489e+00    +4.5425e+00   -2.3389e-01  |      ---           ---           ---     
n=02:                                2.2158e-01    +7.6710e-01   -6.9120e-04  |      ---           ---           ---     
n=03:                                2.8604e+01    -1.7948e+01   +2.8301e-04  |      ---           ---           ---     
n=04:                                4.0766e+03    -1.3961e+01   +3.8526e-06  |      ---           ---           ---     
n=05:                                3.6704e+04    -4.9414e+04   +2.3862e-04  |      ---           ---           ---     
n=06:                                1.2617e+07    -5.0179e+05   +4.2406e-05  |      ---           ---           ---     
