--- multipoles on reference trajectory (rz > 0) ---
effective_length:                   632.2420539181359 mm
perpendicular_grid:                 65 points in [-12.000000,+12.000000] mm
max_fitting_error_normal            0.111/4488.253 G/G
max_fitting_error_skew              336.326/336.326 G/G
r0_for_relative_multipoles          12 mm
main_monomial                       n = 0, skew:False
                                       Nn(s=0)      Integ_Nn     Nn/N0(@r0)   |    Sn(s=0)      Integ_Sn     Sn/S0(@r0)  
<multipole_order n>                    [T/m^n]      [T.m/m^n]        []       |    [T/m^n]      [T.m/m^n]        []      
n=00:                                5.3646e-01    -3.3917e-01   +1.0000e+00  |      ---           ---           ---     
n=01:                                7.3458e+00    +4.5486e+00   -1.6093e-01  |      ---           ---           ---     
n=02:                                9.3025e-02    +8.6733e-01   -3.6823e-04  |      ---           ---           ---     
n=03:                                5.5428e+01    -6.0140e+00   +3.0639e-05  |      ---           ---           ---     
n=04:                                3.6551e+02    +1.5381e+03   -9.4032e-05  |      ---           ---           ---     
n=05:                                3.9876e+05    -1.2894e+05   +9.4596e-05  |      ---           ---           ---     
n=06:                                9.9430e+06    -9.7210e+06   +8.5580e-05  |      ---           ---           ---     
