--- multipoles on reference trajectory (rz > 0) ---
effective_length:                   630.8469025221488 mm
perpendicular_grid:                 65 points in [-12.000000,+12.000000] mm
max_fitting_error_normal            0.111/4488.242 G/G
max_fitting_error_skew              336.326/336.326 G/G
r0_for_relative_multipoles          12 mm
main_monomial                       n = 0, skew:False
                                       Nn(s=0)      Integ_Nn     Nn/N0(@r0)   |    Sn(s=0)      Integ_Sn     Sn/S0(@r0)  
<multipole_order n>                    [T/m^n]      [T.m/m^n]        []       |    [T/m^n]      [T.m/m^n]        []      
n=00:                                5.3646e-01    -3.3843e-01   +1.0000e+00  |      ---           ---           ---     
n=01:                                7.3458e+00    +4.5387e+00   -1.6093e-01  |      ---           ---           ---     
n=02:                                9.3025e-02    +8.6086e-01   -3.6629e-04  |      ---           ---           ---     
n=03:                                5.5428e+01    -6.0001e+00   +3.0636e-05  |      ---           ---           ---     
n=04:                                3.6551e+02    +1.5358e+03   -9.4104e-05  |      ---           ---           ---     
n=05:                                3.9876e+05    -1.2856e+05   +9.4523e-05  |      ---           ---           ---     
n=06:                                9.9430e+06    -9.7026e+06   +8.5607e-05  |      ---           ---           ---     
