--- multipoles on reference trajectory (rz > 0) ---
effective_length:                   631.3590297061359 mm
perpendicular_grid:                 65 points in [-12.000000,+12.000000] mm
max_fitting_error_normal            0.065/6930.752 G/G
max_fitting_error_skew              375.874/375.874 G/G
r0_for_relative_multipoles          12 mm
main_monomial                       n = 0, skew:False
                                       Nn(s=0)      Integ_Nn     Nn/N0(@r0)   |    Sn(s=0)      Integ_Sn     Sn/S0(@r0)  
<multipole_order n>                    [T/m^n]      [T.m/m^n]        []       |    [T/m^n]      [T.m/m^n]        []      
n=00:                                5.9466e-01    -3.7544e-01   +1.0000e+00  |      ---           ---           ---     
n=01:                                8.1198e+00    +5.0168e+00   -1.6035e-01  |      ---           ---           ---     
n=02:                                2.6149e-01    +9.6652e-01   -3.7071e-04  |      ---           ---           ---     
n=03:                                2.2296e+01    -2.1113e+01   +9.7176e-05  |      ---           ---           ---     
n=04:                                7.9136e+02    +1.0441e+03   -5.7667e-05  |      ---           ---           ---     
n=05:                                9.4891e+04    -4.4928e+04   +2.9777e-05  |      ---           ---           ---     
n=06:                                1.0762e+07    -4.8404e+06   +3.8497e-05  |      ---           ---           ---     
