--- multipoles on reference trajectory (rz > 0) ---
effective_length:                   631.9965945536438 mm
perpendicular_grid:                 65 points in [-12.000000,+12.000000] mm
max_fitting_error_normal            0.114/6906.525 G/G
max_fitting_error_skew              365.607/365.607 G/G
r0_for_relative_multipoles          12 mm
main_monomial                       n = 0, skew:False
                                       Nn(s=0)      Integ_Nn     Nn/N0(@r0)   |    Sn(s=0)      Integ_Sn     Sn/S0(@r0)  
<multipole_order n>                    [T/m^n]      [T.m/m^n]        []       |    [T/m^n]      [T.m/m^n]        []      
n=00:                                5.9225e-01    -3.7430e-01   +1.0000e+00  |      ---           ---           ---     
n=01:                                8.1180e+00    +5.0133e+00   -1.6072e-01  |      ---           ---           ---     
n=02:                                1.1154e-01    +1.2874e+00   -4.9530e-04  |      ---           ---           ---     
n=03:                                6.6905e+01    -2.3698e+01   +1.0940e-04  |      ---           ---           ---     
n=04:                                2.3875e+03    -1.1358e+03   +6.2925e-05  |      ---           ---           ---     
n=05:                                2.0401e+05    -7.4109e+04   +4.9267e-05  |      ---           ---           ---     
n=06:                                3.1655e+07    -1.9152e+05   +1.5278e-06  |      ---           ---           ---     
