--- multipoles on reference trajectory (rz > 0) ---
effective_length:                   631.2591552145233 mm
perpendicular_grid:                 65 points in [-12.000000,+12.000000] mm
max_fitting_error_normal            0.162/6934.946 G/G
max_fitting_error_skew              367.225/367.225 G/G
r0_for_relative_multipoles          12 mm
main_monomial                       n = 0, skew:False
                                       Nn(s=0)      Integ_Nn     Nn/N0(@r0)   |    Sn(s=0)      Integ_Sn     Sn/S0(@r0)  
<multipole_order n>                    [T/m^n]      [T.m/m^n]        []       |    [T/m^n]      [T.m/m^n]        []      
n=00:                                5.9248e-01    -3.7401e-01   +1.0000e+00  |      ---           ---           ---     
n=01:                                8.1126e+00    +5.0129e+00   -1.6084e-01  |      ---           ---           ---     
n=02:                                9.8902e-01    +9.6136e-01   -3.7014e-04  |      ---           ---           ---     
n=03:                                4.8656e+01    -5.3369e+01   +2.4658e-04  |      ---           ---           ---     
n=04:                                1.4002e+04    +3.6616e+03   -2.0301e-04  |      ---           ---           ---     
n=05:                                1.0740e+05    +7.0978e+04   -4.7223e-05  |      ---           ---           ---     
n=06:                                6.9201e+07    -2.0661e+07   +1.6495e-04  |      ---           ---           ---     
