--- multipoles on reference trajectory (rz > 0) ---
effective_length:                   630.8771648613503 mm
perpendicular_grid:                 65 points in [-12.000000,+12.000000] mm
max_fitting_error_normal            0.081/6607.305 G/G
max_fitting_error_skew              347.667/347.667 G/G
r0_for_relative_multipoles          12 mm
main_monomial                       n = 0, skew:False
                                       Nn(s=0)      Integ_Nn     Nn/N0(@r0)   |    Sn(s=0)      Integ_Sn     Sn/S0(@r0)  
<multipole_order n>                    [T/m^n]      [T.m/m^n]        []       |    [T/m^n]      [T.m/m^n]        []      
n=00:                                5.6475e-01    -3.5629e-01   +1.0000e+00  |      ---           ---           ---     
n=01:                                7.7326e+00    +4.7780e+00   -1.6093e-01  |      ---           ---           ---     
n=02:                                7.1447e-01    +9.2799e-01   -3.7507e-04  |      ---           ---           ---     
n=03:                                9.7263e+00    -3.5525e+01   +1.7230e-04  |      ---           ---           ---     
n=04:                                4.7979e+03    +7.5335e+02   -4.3845e-05  |      ---           ---           ---     
n=05:                                1.3766e+05    -2.1212e+04   +1.4815e-05  |      ---           ---           ---     
n=06:                                2.2624e+07    -5.5577e+06   +4.6578e-05  |      ---           ---           ---     
