--- multipoles on reference trajectory (rz > 0) ---
effective_length:                   631.7408723067356 mm
perpendicular_grid:                 65 points in [-12.000000,+12.000000] mm
max_fitting_error_normal            0.100/4521.039 G/G
max_fitting_error_skew              335.532/335.532 G/G
r0_for_relative_multipoles          17.5 mm
main_monomial                       n = 0, skew:False
                                       Nn(s=0)      Integ_Nn     Nn/N0(@r0)   |    Sn(s=0)      Integ_Sn     Sn/S0(@r0)  
<multipole_order n>                    [T/m^n]      [T.m/m^n]        []       |    [T/m^n]      [T.m/m^n]        []      
n=00:                                5.3843e-01    -3.4015e-01   +1.0000e+00  |      ---           ---           ---     
n=01:                                7.3569e+00    +4.5518e+00   -2.3418e-01  |      ---           ---           ---     
n=02:                                4.8143e-01    +1.0687e+00   -9.6221e-04  |      ---           ---           ---     
n=03:                                3.9876e+01    -2.9062e+01   +4.5790e-04  |      ---           ---           ---     
n=04:                                6.9205e+03    +2.5850e+01   -7.1276e-06  |      ---           ---           ---     
n=05:                                6.1711e+03    -2.3895e+04   +1.1530e-04  |      ---           ---           ---     
n=06:                                4.1742e+07    -3.4544e+06   +2.9170e-04  |      ---           ---           ---     
