--- multipoles on reference trajectory (rz > 0) ---
effective_length:                   630.875003585291 mm
perpendicular_grid:                 65 points in [-12.000000,+12.000000] mm
max_fitting_error_normal            0.085/6925.834 G/G
max_fitting_error_skew              366.323/366.323 G/G
r0_for_relative_multipoles          12 mm
main_monomial                       n = 0, skew:False
                                       Nn(s=0)      Integ_Nn     Nn/N0(@r0)   |    Sn(s=0)      Integ_Sn     Sn/S0(@r0)  
<multipole_order n>                    [T/m^n]      [T.m/m^n]        []       |    [T/m^n]      [T.m/m^n]        []      
n=00:                                5.9261e-01    -3.7386e-01   +1.0000e+00  |      ---           ---           ---     
n=01:                                8.1209e+00    +5.0144e+00   -1.6095e-01  |      ---           ---           ---     
n=02:                                3.2356e-02    +1.1968e+00   -4.6097e-04  |      ---           ---           ---     
n=03:                                3.2654e+01    -2.8705e+01   +1.3268e-04  |      ---           ---           ---     
n=04:                                4.2460e+03    -1.7481e+03   +9.6955e-05  |      ---           ---           ---     
n=05:                                1.4910e+04    -5.9648e+04   +3.9700e-05  |      ---           ---           ---     
n=06:                                1.1297e+07    +5.4951e+06   -4.3889e-05  |      ---           ---           ---     
