--- multipoles on reference trajectory (rz > 0) ---
effective_length:                   630.1264288548714 mm
perpendicular_grid:                 65 points in [-12.000000,+12.000000] mm
max_fitting_error_normal            0.094/6259.151 G/G
max_fitting_error_skew              330.321/330.321 G/G
r0_for_relative_multipoles          12 mm
main_monomial                       n = 0, skew:False
                                       Nn(s=0)      Integ_Nn     Nn/N0(@r0)   |    Sn(s=0)      Integ_Sn     Sn/S0(@r0)  
<multipole_order n>                    [T/m^n]      [T.m/m^n]        []       |    [T/m^n]      [T.m/m^n]        []      
n=00:                                5.3704e-01    -3.3840e-01   +1.0000e+00  |      ---           ---           ---     
n=01:                                7.3645e+00    +4.5484e+00   -1.6129e-01  |      ---           ---           ---     
n=02:                                5.1914e-01    +9.0989e-01   -3.8718e-04  |      ---           ---           ---     
n=03:                                1.7330e+01    -3.0766e+01   +1.5710e-04  |      ---           ---           ---     
n=04:                                4.1811e+03    +7.8498e+02   -4.8100e-05  |      ---           ---           ---     
n=05:                                8.5725e+04    -4.3581e+04   +3.2045e-05  |      ---           ---           ---     
n=06:                                2.5209e+07    -6.3184e+06   +5.5752e-05  |      ---           ---           ---     
