--- multipoles on reference trajectory (rz > 0) ---
effective_length:                   629.2892170704084 mm
perpendicular_grid:                 65 points in [-12.000000,+12.000000] mm
max_fitting_error_normal            0.107/4960.536 G/G
max_fitting_error_skew              365.862/365.862 G/G
r0_for_relative_multipoles          12 mm
main_monomial                       n = 0, skew:False
                                       Nn(s=0)      Integ_Nn     Nn/N0(@r0)   |    Sn(s=0)      Integ_Sn     Sn/S0(@r0)  
<multipole_order n>                    [T/m^n]      [T.m/m^n]        []       |    [T/m^n]      [T.m/m^n]        []      
n=00:                                5.9307e-01    -3.7321e-01   +1.0000e+00  |      ---           ---           ---     
n=01:                                8.1010e+00    +4.9998e+00   -1.6076e-01  |      ---           ---           ---     
n=02:                                1.6155e+00    +6.0015e-01   -2.3156e-04  |      ---           ---           ---     
n=03:                                6.0978e+01    -2.8723e+01   +1.3299e-04  |      ---           ---           ---     
n=04:                                1.2343e+04    +3.6927e+03   -2.0517e-04  |      ---           ---           ---     
n=05:                                5.1814e+05    -6.3673e+04   +4.2453e-05  |      ---           ---           ---     
n=06:                                5.8368e+07    -1.6000e+07   +1.2801e-04  |      ---           ---           ---     
