--- multipoles on reference trajectory (rz > 0) ---
effective_length:                   631.4772597031788 mm
perpendicular_grid:                 65 points in [-12.000000,+12.000000] mm
max_fitting_error_normal            0.054/6267.296 G/G
max_fitting_error_skew              338.322/338.322 G/G
r0_for_relative_multipoles          12 mm
main_monomial                       n = 0, skew:False
                                       Nn(s=0)      Integ_Nn     Nn/N0(@r0)   |    Sn(s=0)      Integ_Sn     Sn/S0(@r0)  
<multipole_order n>                    [T/m^n]      [T.m/m^n]        []       |    [T/m^n]      [T.m/m^n]        []      
n=00:                                5.3843e-01    -3.4001e-01   +1.0000e+00  |      ---           ---           ---     
n=01:                                7.3546e+00    +4.5472e+00   -1.6049e-01  |      ---           ---           ---     
n=02:                                4.0529e-01    +7.9674e-01   -3.3744e-04  |      ---           ---           ---     
n=03:                                1.6706e+01    -1.1315e+01   +5.7503e-05  |      ---           ---           ---     
n=04:                                6.8528e+02    +7.9239e+02   -4.8326e-05  |      ---           ---           ---     
n=05:                                2.2708e+03    -1.1552e+05   +8.4542e-05  |      ---           ---           ---     
n=06:                                1.2432e+07    -4.5132e+06   +3.9635e-05  |      ---           ---           ---     
