--- multipoles on reference trajectory (rz > 0) ---
effective_length:                   631.2911315462386 mm
perpendicular_grid:                 65 points in [-12.000000,+12.000000] mm
max_fitting_error_normal            0.195/6044.010 G/G
max_fitting_error_skew              10.325/10.325 G/G
r0_for_relative_multipoles          12 mm
main_monomial                       n = 0, skew:False
                                       Nn(s=0)      Integ_Nn     Nn/N0(@r0)   |    Sn(s=0)      Integ_Sn     Sn/S0(@r0)  
<multipole_order n>                    [T/m^n]      [T.m/m^n]        []       |    [T/m^n]      [T.m/m^n]        []      
n=00:                                5.3278e-01    -3.3634e-01   +1.0000e+00  |      ---           ---           ---     
n=01:                                7.3242e+00    +4.5332e+00   -1.6174e-01  |      ---           ---           ---     
n=02:                                8.0312e-01    +6.0546e-01   -2.5922e-04  |      ---           ---           ---     
n=03:                                8.4082e+00    -2.3096e+01   +1.1866e-04  |      ---           ---           ---     
n=04:                                6.8106e+01    -5.6911e+02   +3.5087e-05  |      ---           ---           ---     
n=05:                                1.0137e+05    -3.1482e+04   +2.3292e-05  |      ---           ---           ---     
n=06:                                4.0909e+05    +1.6636e+06   -1.4769e-05  |      ---           ---           ---     
