--- multipoles on reference trajectory (rz > 0) ---
effective_length:                   631.6830681228743 mm
perpendicular_grid:                 65 points in [-12.000000,+12.000000] mm
max_fitting_error_normal            0.089/4951.553 G/G
max_fitting_error_skew              376.076/376.076 G/G
r0_for_relative_multipoles          12 mm
main_monomial                       n = 0, skew:False
                                       Nn(s=0)      Integ_Nn     Nn/N0(@r0)   |    Sn(s=0)      Integ_Sn     Sn/S0(@r0)  
<multipole_order n>                    [T/m^n]      [T.m/m^n]        []       |    [T/m^n]      [T.m/m^n]        []      
n=00:                                5.9235e-01    -3.7418e-01   +1.0000e+00  |      ---           ---           ---     
n=01:                                8.1174e+00    +5.0173e+00   -1.6091e-01  |      ---           ---           ---     
n=02:                                6.7419e-01    +1.3417e+00   -5.1635e-04  |      ---           ---           ---     
n=03:                                1.3277e+02    -3.2258e+01   +1.4897e-04  |      ---           ---           ---     
n=04:                                1.1365e+04    -3.7412e+03   +2.0733e-04  |      ---           ---           ---     
n=05:                                5.6917e+05    -2.0617e+04   +1.3711e-05  |      ---           ---           ---     
n=06:                                3.2295e+07    +1.2669e+07   -1.0110e-04  |      ---           ---           ---     
