--- multipoles on reference trajectory (rz > 0) ---
effective_length:                   631.5779442331079 mm
perpendicular_grid:                 65 points in [-12.000000,+12.000000] mm
max_fitting_error_normal            0.074/4505.359 G/G
max_fitting_error_skew              345.380/345.380 G/G
r0_for_relative_multipoles          12 mm
main_monomial                       n = 0, skew:False
                                       Nn(s=0)      Integ_Nn     Nn/N0(@r0)   |    Sn(s=0)      Integ_Sn     Sn/S0(@r0)  
<multipole_order n>                    [T/m^n]      [T.m/m^n]        []       |    [T/m^n]      [T.m/m^n]        []      
n=00:                                5.3642e-01    -3.3879e-01   +1.0000e+00  |      ---           ---           ---     
n=01:                                7.3402e+00    +4.5404e+00   -1.6082e-01  |      ---           ---           ---     
n=02:                                8.4436e-01    +6.4132e-01   -2.7259e-04  |      ---           ---           ---     
n=03:                                3.3584e+01    -3.3313e+01   +1.6991e-04  |      ---           ---           ---     
n=04:                                4.2198e+03    +9.4334e+02   -5.7738e-05  |      ---           ---           ---     
n=05:                                3.3343e+05    -2.6902e+04   +1.9759e-05  |      ---           ---           ---     
n=06:                                1.8820e+07    -4.8827e+06   +4.3034e-05  |      ---           ---           ---     
