--- multipoles on reference trajectory (rz > 0) ---
effective_length:                   630.7941147394927 mm
perpendicular_grid:                 65 points in [-12.000000,+12.000000] mm
max_fitting_error_normal            0.071/4754.135 G/G
max_fitting_error_skew              347.735/347.735 G/G
r0_for_relative_multipoles          12 mm
main_monomial                       n = 0, skew:False
                                       Nn(s=0)      Integ_Nn     Nn/N0(@r0)   |    Sn(s=0)      Integ_Sn     Sn/S0(@r0)  
<multipole_order n>                    [T/m^n]      [T.m/m^n]        []       |    [T/m^n]      [T.m/m^n]        []      
n=00:                                5.6557e-01    -3.5676e-01   +1.0000e+00  |      ---           ---           ---     
n=01:                                7.7491e+00    +4.7883e+00   -1.6106e-01  |      ---           ---           ---     
n=02:                                6.0197e-02    +1.1839e+00   -4.7784e-04  |      ---           ---           ---     
n=03:                                4.7204e+01    -3.4226e+01   +1.6578e-04  |      ---           ---           ---     
n=04:                                1.1172e+03    +1.0002e+03   -5.8137e-05  |      ---           ---           ---     
n=05:                                1.8688e+04    -1.9439e+04   +1.3559e-05  |      ---           ---           ---     
n=06:                                1.3092e+07    -8.6299e+06   +7.2230e-05  |      ---           ---           ---     
