--- multipoles on reference trajectory (rz > 0) ---
effective_length:                   631.1096868749885 mm
perpendicular_grid:                 65 points in [-12.000000,+12.000000] mm
max_fitting_error_normal            0.081/5569.478 G/G
max_fitting_error_skew              341.304/341.304 G/G
r0_for_relative_multipoles          12 mm
main_monomial                       n = 0, skew:False
                                       Nn(s=0)      Integ_Nn     Nn/N0(@r0)   |    Sn(s=0)      Integ_Sn     Sn/S0(@r0)  
<multipole_order n>                    [T/m^n]      [T.m/m^n]        []       |    [T/m^n]      [T.m/m^n]        []      
n=00:                                5.3678e-01    -3.3877e-01   +1.0000e+00  |      ---           ---           ---     
n=01:                                7.3585e+00    +4.5477e+00   -1.6109e-01  |      ---           ---           ---     
n=02:                                3.0070e-01    +8.0611e-01   -3.4265e-04  |      ---           ---           ---     
n=03:                                1.8221e+00    -3.1427e+01   +1.6031e-04  |      ---           ---           ---     
n=04:                                2.3895e+03    +2.6849e+03   -1.6434e-04  |      ---           ---           ---     
n=05:                                1.1714e+05    -1.0626e+04   +7.8051e-06  |      ---           ---           ---     
n=06:                                1.1809e+07    -1.1781e+07   +1.0384e-04  |      ---           ---           ---     
