--- multipoles on reference trajectory (rz > 0) ---
effective_length:                   631.2969187517997 mm
perpendicular_grid:                 65 points in [-12.000000,+12.000000] mm
max_fitting_error_normal            0.052/6253.516 G/G
max_fitting_error_skew              334.186/334.186 G/G
r0_for_relative_multipoles          12 mm
main_monomial                       n = 0, skew:False
                                       Nn(s=0)      Integ_Nn     Nn/N0(@r0)   |    Sn(s=0)      Integ_Sn     Sn/S0(@r0)  
<multipole_order n>                    [T/m^n]      [T.m/m^n]        []       |    [T/m^n]      [T.m/m^n]        []      
n=00:                                5.3699e-01    -3.3900e-01   +1.0000e+00  |      ---           ---           ---     
n=01:                                7.3628e+00    +4.5475e+00   -1.6097e-01  |      ---           ---           ---     
n=02:                                7.1994e-02    +8.1762e-01   -3.4731e-04  |      ---           ---           ---     
n=03:                                4.7668e+00    -4.1428e+01   +2.1117e-04  |      ---           ---           ---     
n=04:                                5.8966e+03    -3.7129e+02   +2.2711e-05  |      ---           ---           ---     
n=05:                                2.7250e+05    -2.7507e+03   +2.0190e-06  |      ---           ---           ---     
n=06:                                2.4357e+07    +6.1984e+05   -5.4596e-06  |      ---           ---           ---     
