--- multipoles on reference trajectory (rz > 0) ---
effective_length:                   630.6918890446573 mm
perpendicular_grid:                 65 points in [-12.000000,+12.000000] mm
max_fitting_error_normal            0.080/6255.208 G/G
max_fitting_error_skew              330.909/330.909 G/G
r0_for_relative_multipoles          12 mm
main_monomial                       n = 0, skew:False
                                       Nn(s=0)      Integ_Nn     Nn/N0(@r0)   |    Sn(s=0)      Integ_Sn     Sn/S0(@r0)  
<multipole_order n>                    [T/m^n]      [T.m/m^n]        []       |    [T/m^n]      [T.m/m^n]        []      
n=00:                                5.3669e-01    -3.3848e-01   +1.0000e+00  |      ---           ---           ---     
n=01:                                7.3487e+00    +4.5396e+00   -1.6094e-01  |      ---           ---           ---     
n=02:                                3.4165e-01    +8.5139e-01   -3.6220e-04  |      ---           ---           ---     
n=03:                                2.4192e+01    -4.3274e+01   +2.2092e-04  |      ---           ---           ---     
n=04:                                2.4506e+02    +3.8887e+02   -2.3823e-05  |      ---           ---           ---     
n=05:                                6.1398e+04    +4.1460e+04   -3.0479e-05  |      ---           ---           ---     
n=06:                                8.2447e+06    -3.0376e+06   +2.6796e-05  |      ---           ---           ---     
