--- multipoles on reference trajectory (rz > 0) ---
effective_length:                   632.038636629287 mm
perpendicular_grid:                 65 points in [-12.000000,+12.000000] mm
max_fitting_error_normal            0.088/5002.109 G/G
max_fitting_error_skew              366.109/366.109 G/G
r0_for_relative_multipoles          17.5 mm
main_monomial                       n = 0, skew:False
                                       Nn(s=0)      Integ_Nn     Nn/N0(@r0)   |    Sn(s=0)      Integ_Sn     Sn/S0(@r0)  
<multipole_order n>                    [T/m^n]      [T.m/m^n]        []       |    [T/m^n]      [T.m/m^n]        []      
n=00:                                5.9458e-01    -3.7580e-01   +1.0000e+00  |      ---           ---           ---     
n=01:                                8.1170e+00    +5.0260e+00   -2.3405e-01  |      ---           ---           ---     
n=02:                                2.9972e-01    +1.1953e+00   -9.7413e-04  |      ---           ---           ---     
n=03:                                1.1048e+02    -3.0227e+01   +4.3109e-04  |      ---           ---           ---     
n=04:                                7.5819e+03    -1.8764e+03   +4.6830e-04  |      ---           ---           ---     
n=05:                                4.2200e+05    -2.2614e+04   +9.8767e-05  |      ---           ---           ---     
n=06:                                2.2163e+07    +6.9238e+06   -5.2920e-04  |      ---           ---           ---     
