--- multipoles on reference trajectory (rz > 0) ---
effective_length:                   630.2617529932575 mm
perpendicular_grid:                 65 points in [-12.000000,+12.000000] mm
max_fitting_error_normal            0.103/6914.556 G/G
max_fitting_error_skew              362.673/362.673 G/G
r0_for_relative_multipoles          12 mm
main_monomial                       n = 0, skew:False
                                       Nn(s=0)      Integ_Nn     Nn/N0(@r0)   |    Sn(s=0)      Integ_Sn     Sn/S0(@r0)  
<multipole_order n>                    [T/m^n]      [T.m/m^n]        []       |    [T/m^n]      [T.m/m^n]        []      
n=00:                                5.9281e-01    -3.7363e-01   +1.0000e+00  |      ---           ---           ---     
n=01:                                8.1149e+00    +5.0085e+00   -1.6086e-01  |      ---           ---           ---     
n=02:                                4.8552e-01    +1.1546e+00   -4.4499e-04  |      ---           ---           ---     
n=03:                                7.3518e+01    -4.4886e+01   +2.0759e-04  |      ---           ---           ---     
n=04:                                5.9698e+03    -1.5210e+03   +8.4412e-05  |      ---           ---           ---     
n=05:                                1.4349e+05    +2.0046e+04   -1.3351e-05  |      ---           ---           ---     
n=06:                                3.5237e+07    +1.9329e+06   -1.5447e-05  |      ---           ---           ---     
