--- multipoles on reference trajectory (rz > 0) ---
effective_length:                   630.8602746582183 mm
perpendicular_grid:                 65 points in [-12.000000,+12.000000] mm
max_fitting_error_normal            0.078/6920.110 G/G
max_fitting_error_skew              373.301/373.301 G/G
r0_for_relative_multipoles          12 mm
main_monomial                       n = 0, skew:False
                                       Nn(s=0)      Integ_Nn     Nn/N0(@r0)   |    Sn(s=0)      Integ_Sn     Sn/S0(@r0)  
<multipole_order n>                    [T/m^n]      [T.m/m^n]        []       |    [T/m^n]      [T.m/m^n]        []      
n=00:                                5.9240e-01    -3.7372e-01   +1.0000e+00  |      ---           ---           ---     
n=01:                                8.1063e+00    +5.0085e+00   -1.6082e-01  |      ---           ---           ---     
n=02:                                8.0416e-03    +1.0779e+00   -4.1534e-04  |      ---           ---           ---     
n=03:                                6.1712e+01    -2.3415e+01   +1.0827e-04  |      ---           ---           ---     
n=04:                                1.1922e+03    -3.8490e+02   +2.1356e-05  |      ---           ---           ---     
n=05:                                4.3721e+05    -5.7413e+04   +3.8227e-05  |      ---           ---           ---     
n=06:                                5.6210e+06    -9.2204e+05   +7.3670e-06  |      ---           ---           ---     
