--- multipoles on reference trajectory (rz > 0) ---
effective_length:                   629.5636916234752 mm
perpendicular_grid:                 65 points in [-12.000000,+12.000000] mm
max_fitting_error_normal            0.057/6909.135 G/G
max_fitting_error_skew              369.191/369.191 G/G
r0_for_relative_multipoles          12 mm
main_monomial                       n = 0, skew:False
                                       Nn(s=0)      Integ_Nn     Nn/N0(@r0)   |    Sn(s=0)      Integ_Sn     Sn/S0(@r0)  
<multipole_order n>                    [T/m^n]      [T.m/m^n]        []       |    [T/m^n]      [T.m/m^n]        []      
n=00:                                5.9266e-01    -3.7311e-01   +1.0000e+00  |      ---           ---           ---     
n=01:                                8.1129e+00    +5.0035e+00   -1.6092e-01  |      ---           ---           ---     
n=02:                                3.0379e-01    +1.0963e+00   -4.2309e-04  |      ---           ---           ---     
n=03:                                6.1010e+00    -4.1894e+01   +1.9402e-04  |      ---           ---           ---     
n=04:                                2.4467e+03    +1.6927e+02   -9.4074e-06  |      ---           ---           ---     
n=05:                                1.0363e+05    +1.0213e+04   -6.8113e-06  |      ---           ---           ---     
n=06:                                1.2131e+07    -1.7793e+06   +1.4239e-05  |      ---           ---           ---     
