--- multipoles on reference trajectory (rz > 0) ---
effective_length:                   630.8143727815998 mm
perpendicular_grid:                 65 points in [-12.000000,+12.000000] mm
max_fitting_error_normal            0.081/6955.399 G/G
max_fitting_error_skew              364.847/364.847 G/G
r0_for_relative_multipoles          17.5 mm
main_monomial                       n = 0, skew:False
                                       Nn(s=0)      Integ_Nn     Nn/N0(@r0)   |    Sn(s=0)      Integ_Sn     Sn/S0(@r0)  
<multipole_order n>                    [T/m^n]      [T.m/m^n]        []       |    [T/m^n]      [T.m/m^n]        []      
n=00:                                5.9458e-01    -3.7507e-01   +1.0000e+00  |      ---           ---           ---     
n=01:                                8.1097e+00    +5.0084e+00   -2.3368e-01  |      ---           ---           ---     
n=02:                                8.0806e-01    +8.7430e-01   -7.1387e-04  |      ---           ---           ---     
n=03:                                3.5451e+00    -2.5424e+01   +3.6329e-04  |      ---           ---           ---     
n=04:                                7.3270e+03    +2.5938e+03   -6.4859e-04  |      ---           ---           ---     
n=05:                                1.9120e+05    -9.1552e+04   +4.0063e-04  |      ---           ---           ---     
n=06:                                3.5805e+07    -1.2904e+07   +9.8821e-04  |      ---           ---           ---     
