--- multipoles on reference trajectory (rz > 0) ---
effective_length:                   631.349854654983 mm
perpendicular_grid:                 65 points in [-12.000000,+12.000000] mm
max_fitting_error_normal            0.101/6938.772 G/G
max_fitting_error_skew              377.831/377.831 G/G
r0_for_relative_multipoles          12 mm
main_monomial                       n = 0, skew:False
                                       Nn(s=0)      Integ_Nn     Nn/N0(@r0)   |    Sn(s=0)      Integ_Sn     Sn/S0(@r0)  
<multipole_order n>                    [T/m^n]      [T.m/m^n]        []       |    [T/m^n]      [T.m/m^n]        []      
n=00:                                5.9265e-01    -3.7417e-01   +1.0000e+00  |      ---           ---           ---     
n=01:                                8.1224e+00    +5.0211e+00   -1.6103e-01  |      ---           ---           ---     
n=02:                                1.9281e-01    +1.2605e+00   -4.8509e-04  |      ---           ---           ---     
n=03:                                1.0031e+01    -2.9440e+01   +1.3596e-04  |      ---           ---           ---     
n=04:                                1.7878e+03    -6.5707e+02   +3.6414e-05  |      ---           ---           ---     
n=05:                                1.0854e+05    -4.0386e+04   +2.6857e-05  |      ---           ---           ---     
n=06:                                1.1398e+07    +5.1723e+05   -4.1276e-06  |      ---           ---           ---     
