--- multipoles on reference trajectory (rz > 0) ---
effective_length:                   629.7636130062212 mm
perpendicular_grid:                 65 points in [-12.000000,+12.000000] mm
max_fitting_error_normal            0.061/6586.675 G/G
max_fitting_error_skew              346.518/346.518 G/G
r0_for_relative_multipoles          12 mm
main_monomial                       n = 0, skew:False
                                       Nn(s=0)      Integ_Nn     Nn/N0(@r0)   |    Sn(s=0)      Integ_Sn     Sn/S0(@r0)  
<multipole_order n>                    [T/m^n]      [T.m/m^n]        []       |    [T/m^n]      [T.m/m^n]        []      
n=00:                                5.6468e-01    -3.5562e-01   +1.0000e+00  |      ---           ---           ---     
n=01:                                7.7346e+00    +4.7682e+00   -1.6090e-01  |      ---           ---           ---     
n=02:                                2.4908e-01    +9.8918e-01   -4.0055e-04  |      ---           ---           ---     
n=03:                                2.6021e+01    -2.4682e+01   +1.1993e-04  |      ---           ---           ---     
n=04:                                1.5197e+03    -7.7850e+02   +4.5394e-05  |      ---           ---           ---     
n=05:                                3.9736e+04    -7.6612e+04   +5.3607e-05  |      ---           ---           ---     
n=06:                                3.7546e+06    +1.8353e+06   -1.5410e-05  |      ---           ---           ---     
