--- multipoles on reference trajectory (rz > 0) ---
effective_length:                   629.5772884329217 mm
perpendicular_grid:                 65 points in [-12.000000,+12.000000] mm
max_fitting_error_normal            0.089/6897.200 G/G
max_fitting_error_skew              367.667/367.667 G/G
r0_for_relative_multipoles          12 mm
main_monomial                       n = 0, skew:False
                                       Nn(s=0)      Integ_Nn     Nn/N0(@r0)   |    Sn(s=0)      Integ_Sn     Sn/S0(@r0)  
<multipole_order n>                    [T/m^n]      [T.m/m^n]        []       |    [T/m^n]      [T.m/m^n]        []      
n=00:                                5.9235e-01    -3.7293e-01   +1.0000e+00  |      ---           ---           ---     
n=01:                                8.1180e+00    +4.9971e+00   -1.6080e-01  |      ---           ---           ---     
n=02:                                1.1540e-01    +1.4170e+00   -5.4715e-04  |      ---           ---           ---     
n=03:                                6.6588e+01    -1.9020e+01   +8.8132e-05  |      ---           ---           ---     
n=04:                                2.3392e+03    -2.7038e+03   +1.5034e-04  |      ---           ---           ---     
n=05:                                2.0308e+05    -7.9829e+04   +5.3265e-05  |      ---           ---           ---     
n=06:                                3.1444e+07    +6.5943e+06   -5.2800e-05  |      ---           ---           ---     
