--- multipoles on reference trajectory (rz > 0) ---
effective_length:                   632.2515028420914 mm
perpendicular_grid:                 65 points in [-12.000000,+12.000000] mm
max_fitting_error_normal            0.063/4682.193 G/G
max_fitting_error_skew              348.506/348.506 G/G
r0_for_relative_multipoles          12 mm
main_monomial                       n = 0, skew:False
                                       Nn(s=0)      Integ_Nn     Nn/N0(@r0)   |    Sn(s=0)      Integ_Sn     Sn/S0(@r0)  
<multipole_order n>                    [T/m^n]      [T.m/m^n]        []       |    [T/m^n]      [T.m/m^n]        []      
n=00:                                5.6649e-01    -3.5816e-01   +1.0000e+00  |      ---           ---           ---     
n=01:                                7.7347e+00    +4.7937e+00   -1.6061e-01  |      ---           ---           ---     
n=02:                                2.3437e-01    +1.0252e+00   -4.1219e-04  |      ---           ---           ---     
n=03:                                2.4436e+01    -2.6085e+01   +1.2585e-04  |      ---           ---           ---     
n=04:                                1.3972e+03    +8.2952e+02   -4.8026e-05  |      ---           ---           ---     
n=05:                                4.6359e+04    -6.8043e+04   +4.7272e-05  |      ---           ---           ---     
n=06:                                3.3316e+06    -5.2992e+06   +4.4179e-05  |      ---           ---           ---     
