--- multipoles on reference trajectory (rz > 0) ---
effective_length:                   631.6871431461616 mm
perpendicular_grid:                 65 points in [-12.000000,+12.000000] mm
max_fitting_error_normal            0.107/4490.484 G/G
max_fitting_error_skew              330.962/330.962 G/G
r0_for_relative_multipoles          12 mm
main_monomial                       n = 0, skew:False
                                       Nn(s=0)      Integ_Nn     Nn/N0(@r0)   |    Sn(s=0)      Integ_Sn     Sn/S0(@r0)  
<multipole_order n>                    [T/m^n]      [T.m/m^n]        []       |    [T/m^n]      [T.m/m^n]        []      
n=00:                                5.3693e-01    -3.3917e-01   +1.0000e+00  |      ---           ---           ---     
n=01:                                7.3592e+00    +4.5513e+00   -1.6103e-01  |      ---           ---           ---     
n=02:                                1.7019e+00    +5.5896e-01   -2.3731e-04  |      ---           ---           ---     
n=03:                                6.7530e+01    -5.1309e+01   +2.6140e-04  |      ---           ---           ---     
n=04:                                1.7542e+04    +2.7717e+03   -1.6945e-04  |      ---           ---           ---     
n=05:                                1.0734e+05    +2.3006e+04   -1.6878e-05  |      ---           ---           ---     
n=06:                                8.3527e+07    -1.5192e+07   +1.3375e-04  |      ---           ---           ---     
