--- multipoles on reference trajectory (rz > 0) ---
effective_length:                   631.0960279202455 mm
perpendicular_grid:                 65 points in [-12.000000,+12.000000] mm
max_fitting_error_normal            0.059/4520.954 G/G
max_fitting_error_skew              332.045/332.045 G/G
r0_for_relative_multipoles          12 mm
main_monomial                       n = 0, skew:False
                                       Nn(s=0)      Integ_Nn     Nn/N0(@r0)   |    Sn(s=0)      Integ_Sn     Sn/S0(@r0)  
<multipole_order n>                    [T/m^n]      [T.m/m^n]        []       |    [T/m^n]      [T.m/m^n]        []      
n=00:                                5.3706e-01    -3.3893e-01   +1.0000e+00  |      ---           ---           ---     
n=01:                                7.3615e+00    +4.5528e+00   -1.6119e-01  |      ---           ---           ---     
n=02:                                6.4103e-01    +8.4757e-01   -3.6010e-04  |      ---           ---           ---     
n=03:                                1.8295e+01    -4.7320e+01   +2.4125e-04  |      ---           ---           ---     
n=04:                                3.0217e+03    -7.0438e+01   +4.3094e-06  |      ---           ---           ---     
n=05:                                6.5032e+04    +3.2544e+04   -2.3892e-05  |      ---           ---           ---     
n=06:                                1.3858e+07    -1.6199e+06   +1.4271e-05  |      ---           ---           ---     
