--- multipoles on reference trajectory (rz > 0) ---
effective_length:                   630.4391965636501 mm
perpendicular_grid:                 65 points in [-12.000000,+12.000000] mm
max_fitting_error_normal            0.071/6834.924 G/G
max_fitting_error_skew              377.846/377.846 G/G
r0_for_relative_multipoles          12 mm
main_monomial                       n = 0, skew:False
                                       Nn(s=0)      Integ_Nn     Nn/N0(@r0)   |    Sn(s=0)      Integ_Sn     Sn/S0(@r0)  
<multipole_order n>                    [T/m^n]      [T.m/m^n]        []       |    [T/m^n]      [T.m/m^n]        []      
n=00:                                5.9266e-01    -3.7364e-01   +1.0000e+00  |      ---           ---           ---     
n=01:                                8.1132e+00    +5.0074e+00   -1.6082e-01  |      ---           ---           ---     
n=02:                                1.2599e+00    +7.2541e-01   -2.7957e-04  |      ---           ---           ---     
n=03:                                4.4929e+01    -6.9446e+01   +3.2118e-04  |      ---           ---           ---     
n=04:                                2.8490e+03    +1.7367e+03   -9.6381e-05  |      ---           ---           ---     
n=05:                                4.0646e+03    +5.3614e+04   -3.5706e-05  |      ---           ---           ---     
n=06:                                6.9756e+06    -7.8039e+06   +6.2366e-05  |      ---           ---           ---     
