--- multipoles on reference trajectory (rz > 0) ---
effective_length:                   631.834246410371 mm
perpendicular_grid:                 65 points in [-12.000000,+12.000000] mm
max_fitting_error_normal            0.079/5892.788 G/G
max_fitting_error_skew              349.391/349.391 G/G
r0_for_relative_multipoles          17.5 mm
main_monomial                       n = 0, skew:False
                                       Nn(s=0)      Integ_Nn     Nn/N0(@r0)   |    Sn(s=0)      Integ_Sn     Sn/S0(@r0)  
<multipole_order n>                    [T/m^n]      [T.m/m^n]        []       |    [T/m^n]      [T.m/m^n]        []      
n=00:                                5.6655e-01    -3.5796e-01   +1.0000e+00  |      ---           ---           ---     
n=01:                                7.7329e+00    +4.7833e+00   -2.3384e-01  |      ---           ---           ---     
n=02:                                7.1846e-01    +9.1329e-01   -7.8135e-04  |      ---           ---           ---     
n=03:                                1.0813e+01    -3.6552e+01   +5.4724e-04  |      ---           ---           ---     
n=04:                                5.2311e+03    +1.3185e+03   -3.4546e-04  |      ---           ---           ---     
n=05:                                1.3155e+05    -5.1319e+03   +2.3530e-05  |      ---           ---           ---     
n=06:                                2.4240e+07    -5.8247e+06   +4.6737e-04  |      ---           ---           ---     
