--- multipoles on reference trajectory (rz > 0) ---
effective_length:                   631.048646739875 mm
perpendicular_grid:                 65 points in [-12.000000,+12.000000] mm
max_fitting_error_normal            0.098/6629.490 G/G
max_fitting_error_skew              357.106/357.106 G/G
r0_for_relative_multipoles          17.5 mm
main_monomial                       n = 0, skew:False
                                       Nn(s=0)      Integ_Nn     Nn/N0(@r0)   |    Sn(s=0)      Integ_Sn     Sn/S0(@r0)  
<multipole_order n>                    [T/m^n]      [T.m/m^n]        []       |    [T/m^n]      [T.m/m^n]        []      
n=00:                                5.6647e-01    -3.5747e-01   +1.0000e+00  |      ---           ---           ---     
n=01:                                7.7354e+00    +4.7789e+00   -2.3395e-01  |      ---           ---           ---     
n=02:                                5.2629e-01    +9.3048e-01   -7.9716e-04  |      ---           ---           ---     
n=03:                                1.7677e+01    -2.4971e+01   +3.7437e-04  |      ---           ---           ---     
n=04:                                5.0395e+03    +2.3575e+03   -6.1853e-04  |      ---           ---           ---     
n=05:                                3.9429e+04    -4.8140e+04   +2.2104e-04  |      ---           ---           ---     
n=06:                                2.6537e+07    -1.2636e+07   +1.0153e-03  |      ---           ---           ---     
