--- multipoles on reference trajectory (rz > 0) ---
effective_length:                   630.0413666893256 mm
perpendicular_grid:                 65 points in [-12.000000,+12.000000] mm
max_fitting_error_normal            0.070/5568.479 G/G
max_fitting_error_skew              330.587/330.587 G/G
r0_for_relative_multipoles          17.5 mm
main_monomial                       n = 0, skew:False
                                       Nn(s=0)      Integ_Nn     Nn/N0(@r0)   |    Sn(s=0)      Integ_Sn     Sn/S0(@r0)  
<multipole_order n>                    [T/m^n]      [T.m/m^n]        []       |    [T/m^n]      [T.m/m^n]        []      
n=00:                                5.3884e-01    -3.3949e-01   +1.0000e+00  |      ---           ---           ---     
n=01:                                7.3562e+00    +4.5415e+00   -2.3410e-01  |      ---           ---           ---     
n=02:                                5.8877e-02    +9.1273e-01   -8.2337e-04  |      ---           ---           ---     
n=03:                                2.8220e+01    -2.7605e+01   +4.3578e-04  |      ---           ---           ---     
n=04:                                6.5286e+03    -3.1854e+02   +8.8002e-05  |      ---           ---           ---     
n=05:                                6.8812e+04    -6.0480e+04   +2.9240e-04  |      ---           ---           ---     
n=06:                                1.6342e+07    -3.4036e+06   +2.8796e-04  |      ---           ---           ---     
