--- multipoles on reference trajectory (rz > 0) ---
effective_length:                   631.2995173508334 mm
perpendicular_grid:                 65 points in [-12.000000,+12.000000] mm
max_fitting_error_normal            0.052/6252.633 G/G
max_fitting_error_skew              334.138/334.138 G/G
r0_for_relative_multipoles          12 mm
main_monomial                       n = 0, skew:False
                                       Nn(s=0)      Integ_Nn     Nn/N0(@r0)   |    Sn(s=0)      Integ_Sn     Sn/S0(@r0)  
<multipole_order n>                    [T/m^n]      [T.m/m^n]        []       |    [T/m^n]      [T.m/m^n]        []      
n=00:                                5.3690e-01    -3.3895e-01   +1.0000e+00  |      ---           ---           ---     
n=01:                                7.3628e+00    +4.5475e+00   -1.6100e-01  |      ---           ---           ---     
n=02:                                6.9691e-02    +8.1606e-01   -3.4670e-04  |      ---           ---           ---     
n=03:                                4.5821e+00    -4.1437e+01   +2.1125e-04  |      ---           ---           ---     
n=04:                                5.9658e+03    -3.6970e+02   +2.2617e-05  |      ---           ---           ---     
n=05:                                2.7148e+05    -2.7727e+03   +2.0355e-06  |      ---           ---           ---     
n=06:                                2.4666e+07    +6.0958e+05   -5.3701e-06  |      ---           ---           ---     
