--- multipoles on reference trajectory (rz > 0) ---
effective_length:                   630.8985200391206 mm
perpendicular_grid:                 65 points in [-12.000000,+12.000000] mm
max_fitting_error_normal            0.087/4728.560 G/G
max_fitting_error_skew              350.890/350.890 G/G
r0_for_relative_multipoles          12 mm
main_monomial                       n = 0, skew:False
                                       Nn(s=0)      Integ_Nn     Nn/N0(@r0)   |    Sn(s=0)      Integ_Sn     Sn/S0(@r0)  
<multipole_order n>                    [T/m^n]      [T.m/m^n]        []       |    [T/m^n]      [T.m/m^n]        []      
n=00:                                5.6497e-01    -3.5644e-01   +1.0000e+00  |      ---           ---           ---     
n=01:                                7.7421e+00    +4.7783e+00   -1.6087e-01  |      ---           ---           ---     
n=02:                                3.3030e-02    +9.4938e-01   -3.8355e-04  |      ---           ---           ---     
n=03:                                3.1963e+01    -3.0579e+01   +1.4825e-04  |      ---           ---           ---     
n=04:                                2.0437e+03    -7.0208e+02   +4.0844e-05  |      ---           ---           ---     
n=05:                                3.5469e+04    -5.8805e+04   +4.1052e-05  |      ---           ---           ---     
n=06:                                2.7882e+06    -7.2924e+05   +6.1091e-06  |      ---           ---           ---     
