--- multipoles on reference trajectory (rz > 0) ---
effective_length:                   632.4286012686186 mm
perpendicular_grid:                 65 points in [-12.000000,+12.000000] mm
max_fitting_error_normal            0.080/4518.240 G/G
max_fitting_error_skew              333.943/333.943 G/G
r0_for_relative_multipoles          12 mm
main_monomial                       n = 0, skew:False
                                       Nn(s=0)      Integ_Nn     Nn/N0(@r0)   |    Sn(s=0)      Integ_Sn     Sn/S0(@r0)  
<multipole_order n>                    [T/m^n]      [T.m/m^n]        []       |    [T/m^n]      [T.m/m^n]        []      
n=00:                                5.3884e-01    -3.4078e-01   +1.0000e+00  |      ---           ---           ---     
n=01:                                7.3588e+00    +4.5534e+00   -1.6034e-01  |      ---           ---           ---     
n=02:                                1.2212e-01    +9.0709e-01   -3.8330e-04  |      ---           ---           ---     
n=03:                                1.8804e+00    -3.2815e+01   +1.6640e-04  |      ---           ---           ---     
n=04:                                2.9661e+03    +7.9891e+02   -4.8613e-05  |      ---           ---           ---     
n=05:                                1.8156e+05    -3.9601e+04   +2.8916e-05  |      ---           ---           ---     
n=06:                                2.3505e+07    -5.5736e+06   +4.8838e-05  |      ---           ---           ---     
