--- multipoles on reference trajectory (rz > 0) ---
effective_length:                   629.9271023893292 mm
perpendicular_grid:                 65 points in [-12.000000,+12.000000] mm
max_fitting_error_normal            0.095/4738.193 G/G
max_fitting_error_skew              347.177/347.177 G/G
r0_for_relative_multipoles          12 mm
main_monomial                       n = 0, skew:False
                                       Nn(s=0)      Integ_Nn     Nn/N0(@r0)   |    Sn(s=0)      Integ_Sn     Sn/S0(@r0)  
<multipole_order n>                    [T/m^n]      [T.m/m^n]        []       |    [T/m^n]      [T.m/m^n]        []      
n=00:                                5.6514e-01    -3.5599e-01   +1.0000e+00  |      ---           ---           ---     
n=01:                                7.7420e+00    +4.7775e+00   -1.6104e-01  |      ---           ---           ---     
n=02:                                8.0032e-01    +8.9454e-01   -3.6184e-04  |      ---           ---           ---     
n=03:                                7.1601e+01    -4.4980e+01   +2.1833e-04  |      ---           ---           ---     
n=04:                                8.3815e+03    +4.0218e+02   -2.3426e-05  |      ---           ---           ---     
n=05:                                1.2312e+05    +2.5770e+04   -1.8013e-05  |      ---           ---           ---     
n=06:                                4.5329e+07    -4.4096e+06   +3.6986e-05  |      ---           ---           ---     
