--- multipoles on reference trajectory (rz > 0) ---
effective_length:                   630.5999395240545 mm
perpendicular_grid:                 65 points in [-12.000000,+12.000000] mm
max_fitting_error_normal            0.099/6289.475 G/G
max_fitting_error_skew              330.553/330.553 G/G
r0_for_relative_multipoles          12 mm
main_monomial                       n = 0, skew:False
                                       Nn(s=0)      Integ_Nn     Nn/N0(@r0)   |    Sn(s=0)      Integ_Sn     Sn/S0(@r0)  
<multipole_order n>                    [T/m^n]      [T.m/m^n]        []       |    [T/m^n]      [T.m/m^n]        []      
n=00:                                5.3689e-01    -3.3857e-01   +1.0000e+00  |      ---           ---           ---     
n=01:                                7.3497e+00    +4.5441e+00   -1.6106e-01  |      ---           ---           ---     
n=02:                                9.1200e-01    +8.0834e-01   -3.4381e-04  |      ---           ---           ---     
n=03:                                7.2763e+01    -4.8978e+01   +2.4998e-04  |      ---           ---           ---     
n=04:                                5.5367e+03    +2.2601e+01   -1.3843e-06  |      ---           ---           ---     
n=05:                                1.8331e+05    +5.4268e+04   -3.9885e-05  |      ---           ---           ---     
n=06:                                3.0121e+07    -3.3052e+06   +2.9151e-05  |      ---           ---           ---     
