--- multipoles on reference trajectory (rz > 0) ---
effective_length:                   629.9182657019151 mm
perpendicular_grid:                 65 points in [-12.000000,+12.000000] mm
max_fitting_error_normal            0.085/6916.407 G/G
max_fitting_error_skew              376.777/376.777 G/G
r0_for_relative_multipoles          12 mm
main_monomial                       n = 0, skew:False
                                       Nn(s=0)      Integ_Nn     Nn/N0(@r0)   |    Sn(s=0)      Integ_Sn     Sn/S0(@r0)  
<multipole_order n>                    [T/m^n]      [T.m/m^n]        []       |    [T/m^n]      [T.m/m^n]        []      
n=00:                                5.9244e-01    -3.7319e-01   +1.0000e+00  |      ---           ---           ---     
n=01:                                8.1174e+00    +4.9999e+00   -1.6077e-01  |      ---           ---           ---     
n=02:                                6.8292e-01    +1.3535e+00   -5.2226e-04  |      ---           ---           ---     
n=03:                                1.3226e+02    -3.8716e+01   +1.7927e-04  |      ---           ---           ---     
n=04:                                1.1497e+04    -3.7219e+03   +2.0680e-04  |      ---           ---           ---     
n=05:                                5.6709e+05    +1.4221e+04   -9.4823e-06  |      ---           ---           ---     
n=06:                                3.2869e+07    +1.2805e+07   -1.0245e-04  |      ---           ---           ---     
