--- multipoles on reference trajectory (rz > 0) ---
effective_length:                   632.2298574604043 mm
perpendicular_grid:                 65 points in [-12.000000,+12.000000] mm
max_fitting_error_normal            0.135/5491.298 G/G
max_fitting_error_skew              361.608/361.608 G/G
r0_for_relative_multipoles          17.5 mm
main_monomial                       n = 0, skew:False
                                       Nn(s=0)      Integ_Nn     Nn/N0(@r0)   |    Sn(s=0)      Integ_Sn     Sn/S0(@r0)  
<multipole_order n>                    [T/m^n]      [T.m/m^n]        []       |    [T/m^n]      [T.m/m^n]        []      
n=00:                                5.6646e-01    -3.5813e-01   +1.0000e+00  |      ---           ---           ---     
n=01:                                7.7335e+00    +4.7864e+00   -2.3389e-01  |      ---           ---           ---     
n=02:                                6.3314e-01    +1.0521e+00   -8.9968e-04  |      ---           ---           ---     
n=03:                                6.5631e+01    -4.4162e+01   +6.6088e-04  |      ---           ---           ---     
n=04:                                1.3244e+03    -1.6594e+03   +4.3457e-04  |      ---           ---           ---     
n=05:                                7.4883e+04    +7.1488e+03   -3.2763e-05  |      ---           ---           ---     
n=06:                                1.7140e+07    +2.8140e+06   -2.2569e-04  |      ---           ---           ---     
