--- multipoles on reference trajectory (rz > 0) ---
effective_length:                   631.5580210707064 mm
perpendicular_grid:                 65 points in [-12.000000,+12.000000] mm
max_fitting_error_normal            0.086/4535.035 G/G
max_fitting_error_skew              331.166/331.166 G/G
r0_for_relative_multipoles          12 mm
main_monomial                       n = 0, skew:False
                                       Nn(s=0)      Integ_Nn     Nn/N0(@r0)   |    Sn(s=0)      Integ_Sn     Sn/S0(@r0)  
<multipole_order n>                    [T/m^n]      [T.m/m^n]        []       |    [T/m^n]      [T.m/m^n]        []      
n=00:                                5.3836e-01    -3.4000e-01   +1.0000e+00  |      ---           ---           ---     
n=01:                                7.3455e+00    +4.5437e+00   -1.6036e-01  |      ---           ---           ---     
n=02:                                1.3070e+00    +6.3641e-01   -2.6953e-04  |      ---           ---           ---     
n=03:                                3.5229e+01    -3.9572e+01   +2.0112e-04  |      ---           ---           ---     
n=04:                                8.6952e+03    +2.5391e+03   -1.5485e-04  |      ---           ---           ---     
n=05:                                4.2670e+05    +3.0179e+03   -2.2087e-06  |      ---           ---           ---     
n=06:                                3.5592e+07    -1.2865e+07   +1.1298e-04  |      ---           ---           ---     
