--- multipoles on reference trajectory (rz > 0) ---
effective_length:                   631.8950394952551 mm
perpendicular_grid:                 65 points in [-12.000000,+12.000000] mm
max_fitting_error_normal            0.096/4720.129 G/G
max_fitting_error_skew              357.866/357.866 G/G
r0_for_relative_multipoles          12 mm
main_monomial                       n = 0, skew:False
                                       Nn(s=0)      Integ_Nn     Nn/N0(@r0)   |    Sn(s=0)      Integ_Sn     Sn/S0(@r0)  
<multipole_order n>                    [T/m^n]      [T.m/m^n]        []       |    [T/m^n]      [T.m/m^n]        []      
n=00:                                5.6435e-01    -3.5661e-01   +1.0000e+00  |      ---           ---           ---     
n=01:                                7.7313e+00    +4.7835e+00   -1.6097e-01  |      ---           ---           ---     
n=02:                                7.7537e-01    +9.4991e-01   -3.8358e-04  |      ---           ---           ---     
n=03:                                2.4854e+01    -2.8897e+01   +1.4003e-04  |      ---           ---           ---     
n=04:                                8.9924e+03    -1.1130e+02   +6.4719e-06  |      ---           ---           ---     
n=05:                                3.1897e+04    -3.0386e+04   +2.1202e-05  |      ---           ---           ---     
n=06:                                4.8937e+07    -1.2825e+06   +1.0738e-05  |      ---           ---           ---     
