--- multipoles on reference trajectory (rz > 0) ---
effective_length:                   631.2486593855524 mm
perpendicular_grid:                 65 points in [-12.000000,+12.000000] mm
max_fitting_error_normal            0.077/6245.445 G/G
max_fitting_error_skew              337.296/337.296 G/G
r0_for_relative_multipoles          12 mm
main_monomial                       n = 0, skew:False
                                       Nn(s=0)      Integ_Nn     Nn/N0(@r0)   |    Sn(s=0)      Integ_Sn     Sn/S0(@r0)  
<multipole_order n>                    [T/m^n]      [T.m/m^n]        []       |    [T/m^n]      [T.m/m^n]        []      
n=00:                                5.3636e-01    -3.3858e-01   +1.0000e+00  |      ---           ---           ---     
n=01:                                7.3488e+00    +4.5433e+00   -1.6102e-01  |      ---           ---           ---     
n=02:                                1.0611e-01    +9.8046e-01   -4.1700e-04  |      ---           ---           ---     
n=03:                                3.1689e+01    -3.1303e+01   +1.5976e-04  |      ---           ---           ---     
n=04:                                2.8819e+03    -7.9399e+01   +4.8628e-06  |      ---           ---           ---     
n=05:                                4.0212e+05    -3.7536e+04   +2.7586e-05  |      ---           ---           ---     
n=06:                                1.5210e+07    -1.6463e+06   +1.4519e-05  |      ---           ---           ---     
