--- multipoles on reference trajectory (rz > 0) ---
effective_length:                   631.0856589234646 mm
perpendicular_grid:                 65 points in [-12.000000,+12.000000] mm
max_fitting_error_normal            0.079/4500.937 G/G
max_fitting_error_skew              330.111/330.111 G/G
r0_for_relative_multipoles          12 mm
main_monomial                       n = 0, skew:False
                                       Nn(s=0)      Integ_Nn     Nn/N0(@r0)   |    Sn(s=0)      Integ_Sn     Sn/S0(@r0)  
<multipole_order n>                    [T/m^n]      [T.m/m^n]        []       |    [T/m^n]      [T.m/m^n]        []      
n=00:                                5.3668e-01    -3.3869e-01   +1.0000e+00  |      ---           ---           ---     
n=01:                                7.3519e+00    +4.5481e+00   -1.6114e-01  |      ---           ---           ---     
n=02:                                9.1363e-02    +1.0291e+00   -4.3752e-04  |      ---           ---           ---     
n=03:                                4.1874e+01    -3.5050e+01   +1.7883e-04  |      ---           ---           ---     
n=04:                                1.7510e+03    +1.1432e+03   -6.9990e-05  |      ---           ---           ---     
n=05:                                7.1549e+03    -3.2328e+03   +2.3751e-06  |      ---           ---           ---     
n=06:                                2.0377e+07    -1.0148e+07   +8.9465e-05  |      ---           ---           ---     
