--- multipoles on reference trajectory (rz > 0) ---
effective_length:                   630.2866439113204 mm
perpendicular_grid:                 65 points in [-12.000000,+12.000000] mm
max_fitting_error_normal            0.061/6967.200 G/G
max_fitting_error_skew              369.335/369.335 G/G
r0_for_relative_multipoles          17.5 mm
main_monomial                       n = 0, skew:False
                                       Nn(s=0)      Integ_Nn     Nn/N0(@r0)   |    Sn(s=0)      Integ_Sn     Sn/S0(@r0)  
<multipole_order n>                    [T/m^n]      [T.m/m^n]        []       |    [T/m^n]      [T.m/m^n]        []      
n=00:                                5.9558e-01    -3.7539e-01   +1.0000e+00  |      ---           ---           ---     
n=01:                                8.1264e+00    +5.0144e+00   -2.3377e-01  |      ---           ---           ---     
n=02:                                1.0406e-01    +1.1477e+00   -9.3635e-04  |      ---           ---           ---     
n=03:                                7.6627e+00    -1.9162e+01   +2.7357e-04  |      ---           ---           ---     
n=04:                                1.2313e+03    +8.9789e+02   -2.2434e-04  |      ---           ---           ---     
n=05:                                8.9819e+04    -9.6659e+04   +4.2262e-04  |      ---           ---           ---     
n=06:                                7.9582e+06    -5.6282e+06   +4.3064e-04  |      ---           ---           ---     
