--- multipoles on reference trajectory (rz > 0) ---
effective_length:                   631.7940808374116 mm
perpendicular_grid:                 65 points in [-12.000000,+12.000000] mm
max_fitting_error_normal            0.101/4504.002 G/G
max_fitting_error_skew              334.623/334.623 G/G
r0_for_relative_multipoles          12 mm
main_monomial                       n = 0, skew:False
                                       Nn(s=0)      Integ_Nn     Nn/N0(@r0)   |    Sn(s=0)      Integ_Sn     Sn/S0(@r0)  
<multipole_order n>                    [T/m^n]      [T.m/m^n]        []       |    [T/m^n]      [T.m/m^n]        []      
n=00:                                5.3671e-01    -3.3909e-01   +1.0000e+00  |      ---           ---           ---     
n=01:                                7.3569e+00    +4.5524e+00   -1.6110e-01  |      ---           ---           ---     
n=02:                                4.9916e-01    +1.0462e+00   -4.4429e-04  |      ---           ---           ---     
n=03:                                4.1292e+01    -2.9754e+01   +1.5163e-04  |      ---           ---           ---     
n=04:                                6.6503e+03    +5.0640e+01   -3.0967e-06  |      ---           ---           ---     
n=05:                                5.9574e+03    -2.3519e+04   +1.7259e-05  |      ---           ---           ---     
n=06:                                4.0203e+07    -3.7595e+06   +3.3105e-05  |      ---           ---           ---     
