--- multipoles on reference trajectory (rz > 0) ---
effective_length:                   631.7764239602103 mm
perpendicular_grid:                 65 points in [-12.000000,+12.000000] mm
max_fitting_error_normal            0.104/6926.301 G/G
max_fitting_error_skew              373.073/373.073 G/G
r0_for_relative_multipoles          12 mm
main_monomial                       n = 0, skew:False
                                       Nn(s=0)      Integ_Nn     Nn/N0(@r0)   |    Sn(s=0)      Integ_Sn     Sn/S0(@r0)  
<multipole_order n>                    [T/m^n]      [T.m/m^n]        []       |    [T/m^n]      [T.m/m^n]        []      
n=00:                                5.9433e-01    -3.7548e-01   +1.0000e+00  |      ---           ---           ---     
n=01:                                8.1114e+00    +5.0156e+00   -1.6029e-01  |      ---           ---           ---     
n=02:                                2.8687e-01    +1.1119e+00   -4.2643e-04  |      ---           ---           ---     
n=03:                                8.3068e+00    -1.9262e+01   +8.8645e-05  |      ---           ---           ---     
n=04:                                6.0290e+03    +6.9310e+02   -3.8276e-05  |      ---           ---           ---     
n=05:                                7.0338e+04    -7.0230e+04   +4.6541e-05  |      ---           ---           ---     
n=06:                                3.8312e+07    -4.0926e+06   +3.2546e-05  |      ---           ---           ---     
