--- multipoles on reference trajectory (rz > 0) ---
effective_length:                   631.2925146683602 mm
perpendicular_grid:                 65 points in [-12.000000,+12.000000] mm
max_fitting_error_normal            0.090/5579.206 G/G
max_fitting_error_skew              338.225/338.225 G/G
r0_for_relative_multipoles          12 mm
main_monomial                       n = 0, skew:False
                                       Nn(s=0)      Integ_Nn     Nn/N0(@r0)   |    Sn(s=0)      Integ_Sn     Sn/S0(@r0)  
<multipole_order n>                    [T/m^n]      [T.m/m^n]        []       |    [T/m^n]      [T.m/m^n]        []      
n=00:                                5.3671e-01    -3.3882e-01   +1.0000e+00  |      ---           ---           ---     
n=01:                                7.3528e+00    +4.5454e+00   -1.6098e-01  |      ---           ---           ---     
n=02:                                6.0502e-02    +9.4775e-01   -4.0280e-04  |      ---           ---           ---     
n=03:                                5.1110e-01    -2.7918e+01   +1.4238e-04  |      ---           ---           ---     
n=04:                                2.8351e+03    +1.6798e+03   -1.0281e-04  |      ---           ---           ---     
n=05:                                1.1922e+05    -1.8266e+04   +1.3415e-05  |      ---           ---           ---     
n=06:                                2.7088e+07    -1.0867e+07   +9.5769e-05  |      ---           ---           ---     
