--- multipoles on reference trajectory (rz > 0) ---
effective_length:                   630.2115451757469 mm
perpendicular_grid:                 65 points in [-12.000000,+12.000000] mm
max_fitting_error_normal            0.072/4501.470 G/G
max_fitting_error_skew              332.154/332.154 G/G
r0_for_relative_multipoles          12 mm
main_monomial                       n = 0, skew:False
                                       Nn(s=0)      Integ_Nn     Nn/N0(@r0)   |    Sn(s=0)      Integ_Sn     Sn/S0(@r0)  
<multipole_order n>                    [T/m^n]      [T.m/m^n]        []       |    [T/m^n]      [T.m/m^n]        []      
n=00:                                5.3668e-01    -3.3822e-01   +1.0000e+00  |      ---           ---           ---     
n=01:                                7.3536e+00    +4.5407e+00   -1.6110e-01  |      ---           ---           ---     
n=02:                                6.7413e-01    +8.7714e-01   -3.7345e-04  |      ---           ---           ---     
n=03:                                5.5212e+01    -2.4544e+01   +1.2540e-04  |      ---           ---           ---     
n=04:                                6.5567e+03    +8.4899e+02   -5.2051e-05  |      ---           ---           ---     
n=05:                                4.2423e+05    -3.3663e+04   +2.4766e-05  |      ---           ---           ---     
n=06:                                2.7343e+07    -4.6902e+06   +4.1408e-05  |      ---           ---           ---     
