--- multipoles on reference trajectory (rz > 0) ---
effective_length:                   630.3737284468826 mm
perpendicular_grid:                 65 points in [-12.000000,+12.000000] mm
max_fitting_error_normal            0.087/4754.003 G/G
max_fitting_error_skew              361.253/361.253 G/G
r0_for_relative_multipoles          12 mm
main_monomial                       n = 0, skew:False
                                       Nn(s=0)      Integ_Nn     Nn/N0(@r0)   |    Sn(s=0)      Integ_Sn     Sn/S0(@r0)  
<multipole_order n>                    [T/m^n]      [T.m/m^n]        []       |    [T/m^n]      [T.m/m^n]        []      
n=00:                                5.6478e-01    -3.5602e-01   +1.0000e+00  |      ---           ---           ---     
n=01:                                7.7366e+00    +4.7740e+00   -1.6091e-01  |      ---           ---           ---     
n=02:                                2.5921e-01    +8.6745e-01   -3.5086e-04  |      ---           ---           ---     
n=03:                                3.3813e+01    -1.6383e+01   +7.9517e-05  |      ---           ---           ---     
n=04:                                7.4609e+03    +1.5897e+03   -9.2590e-05  |      ---           ---           ---     
n=05:                                2.6963e+05    -1.0557e+05   +7.3784e-05  |      ---           ---           ---     
n=06:                                2.7902e+07    -7.4880e+06   +6.2803e-05  |      ---           ---           ---     
