--- multipoles on reference trajectory (rz > 0) ---
effective_length:                   631.7988292147946 mm
perpendicular_grid:                 65 points in [-12.000000,+12.000000] mm
max_fitting_error_normal            0.101/4979.296 G/G
max_fitting_error_skew              365.741/365.741 G/G
r0_for_relative_multipoles          12 mm
main_monomial                       n = 0, skew:False
                                       Nn(s=0)      Integ_Nn     Nn/N0(@r0)   |    Sn(s=0)      Integ_Sn     Sn/S0(@r0)  
<multipole_order n>                    [T/m^n]      [T.m/m^n]        []       |    [T/m^n]      [T.m/m^n]        []      
n=00:                                5.9312e-01    -3.7473e-01   +1.0000e+00  |      ---           ---           ---     
n=01:                                8.1257e+00    +5.0236e+00   -1.6087e-01  |      ---           ---           ---     
n=02:                                4.3553e-01    +1.0780e+00   -4.1426e-04  |      ---           ---           ---     
n=03:                                3.4097e+01    -1.9133e+01   +8.8230e-05  |      ---           ---           ---     
n=04:                                4.7842e+03    +1.4834e+03   -8.2083e-05  |      ---           ---           ---     
n=05:                                4.2412e+05    -1.0659e+05   +7.0780e-05  |      ---           ---           ---     
n=06:                                3.7160e+06    -9.9972e+06   +7.9661e-05  |      ---           ---           ---     
