--- multipoles on reference trajectory (rz > 0) ---
effective_length:                   631.8162991847644 mm
perpendicular_grid:                 65 points in [-12.000000,+12.000000] mm
max_fitting_error_normal            0.114/6635.840 G/G
max_fitting_error_skew              346.182/346.182 G/G
r0_for_relative_multipoles          17.5 mm
main_monomial                       n = 0, skew:False
                                       Nn(s=0)      Integ_Nn     Nn/N0(@r0)   |    Sn(s=0)      Integ_Sn     Sn/S0(@r0)  
<multipole_order n>                    [T/m^n]      [T.m/m^n]        []       |    [T/m^n]      [T.m/m^n]        []      
n=00:                                5.6665e-01    -3.5802e-01   +1.0000e+00  |      ---           ---           ---     
n=01:                                7.7327e+00    +4.7861e+00   -2.3394e-01  |      ---           ---           ---     
n=02:                                4.0305e-01    +9.3403e-01   -7.9897e-04  |      ---           ---           ---     
n=03:                                2.1948e+01    -4.3982e+01   +6.5839e-04  |      ---           ---           ---     
n=04:                                4.4290e+03    +1.0776e+03   -2.8229e-04  |      ---           ---           ---     
n=05:                                5.8968e+04    +3.0748e+04   -1.4096e-04  |      ---           ---           ---     
n=06:                                2.9763e+07    -7.5350e+06   +6.0451e-04  |      ---           ---           ---     
