--- multipoles on reference trajectory (rz > 0) ---
effective_length:                   631.5338277709122 mm
perpendicular_grid:                 65 points in [-12.000000,+12.000000] mm
max_fitting_error_normal            0.123/4770.904 G/G
max_fitting_error_skew              352.038/352.038 G/G
r0_for_relative_multipoles          12 mm
main_monomial                       n = 0, skew:False
                                       Nn(s=0)      Integ_Nn     Nn/N0(@r0)   |    Sn(s=0)      Integ_Sn     Sn/S0(@r0)  
<multipole_order n>                    [T/m^n]      [T.m/m^n]        []       |    [T/m^n]      [T.m/m^n]        []      
n=00:                                5.6687e-01    -3.5799e-01   +1.0000e+00  |      ---           ---           ---     
n=01:                                7.7446e+00    +4.7935e+00   -1.6068e-01  |      ---           ---           ---     
n=02:                                5.2916e-01    +1.2971e+00   -5.2176e-04  |      ---           ---           ---     
n=03:                                4.6551e+01    -3.0051e+01   +1.4505e-04  |      ---           ---           ---     
n=04:                                7.1488e+03    -8.1806e+02   +4.7384e-05  |      ---           ---           ---     
n=05:                                5.4444e+04    -6.6193e+03   +4.6009e-06  |      ---           ---           ---     
n=06:                                3.9386e+07    +2.6286e+05   -2.1925e-06  |      ---           ---           ---     
