--- multipoles on reference trajectory (rz > 0) ---
effective_length:                   631.2473207418693 mm
perpendicular_grid:                 65 points in [-12.000000,+12.000000] mm
max_fitting_error_normal            0.096/5493.709 G/G
max_fitting_error_skew              350.820/350.820 G/G
r0_for_relative_multipoles          12 mm
main_monomial                       n = 0, skew:False
                                       Nn(s=0)      Integ_Nn     Nn/N0(@r0)   |    Sn(s=0)      Integ_Sn     Sn/S0(@r0)  
<multipole_order n>                    [T/m^n]      [T.m/m^n]        []       |    [T/m^n]      [T.m/m^n]        []      
n=00:                                5.6443e-01    -3.5629e-01   +1.0000e+00  |      ---           ---           ---     
n=01:                                7.7348e+00    +4.7813e+00   -1.6104e-01  |      ---           ---           ---     
n=02:                                6.6053e-01    +9.0191e-01   -3.6452e-04  |      ---           ---           ---     
n=03:                                5.7798e+01    -3.0055e+01   +1.4576e-04  |      ---           ---           ---     
n=04:                                8.5804e+03    +1.0346e+03   -6.0210e-05  |      ---           ---           ---     
n=05:                                1.3676e+05    -2.4686e+04   +1.7240e-05  |      ---           ---           ---     
n=06:                                4.6876e+07    -5.8967e+06   +4.9419e-05  |      ---           ---           ---     
