--- multipoles on reference trajectory (rz > 0) ---
effective_length:                   632.0932678151263 mm
perpendicular_grid:                 65 points in [-12.000000,+12.000000] mm
max_fitting_error_normal            0.084/4982.464 G/G
max_fitting_error_skew              365.027/365.027 G/G
r0_for_relative_multipoles          12 mm
main_monomial                       n = 0, skew:False
                                       Nn(s=0)      Integ_Nn     Nn/N0(@r0)   |    Sn(s=0)      Integ_Sn     Sn/S0(@r0)  
<multipole_order n>                    [T/m^n]      [T.m/m^n]        []       |    [T/m^n]      [T.m/m^n]        []      
n=00:                                5.9259e-01    -3.7457e-01   +1.0000e+00  |      ---           ---           ---     
n=01:                                8.1171e+00    +5.0266e+00   -1.6104e-01  |      ---           ---           ---     
n=02:                                1.5781e-01    +1.1701e+00   -4.4984e-04  |      ---           ---           ---     
n=03:                                1.1680e+02    -3.1623e+01   +1.4588e-04  |      ---           ---           ---     
n=04:                                5.6051e+03    -1.8378e+03   +1.0174e-04  |      ---           ---           ---     
n=05:                                4.4729e+05    -1.5871e+04   +1.0543e-05  |      ---           ---           ---     
n=06:                                1.3717e+07    +6.5613e+06   -5.2305e-05  |      ---           ---           ---     
