--- multipoles on reference trajectory (rz > 0) ---
effective_length:                   630.5041884163073 mm
perpendicular_grid:                 65 points in [-12.000000,+12.000000] mm
max_fitting_error_normal            0.061/6611.546 G/G
max_fitting_error_skew              350.394/350.394 G/G
r0_for_relative_multipoles          12 mm
main_monomial                       n = 0, skew:False
                                       Nn(s=0)      Integ_Nn     Nn/N0(@r0)   |    Sn(s=0)      Integ_Sn     Sn/S0(@r0)  
<multipole_order n>                    [T/m^n]      [T.m/m^n]        []       |    [T/m^n]      [T.m/m^n]        []      
n=00:                                5.6557e-01    -3.5660e-01   +1.0000e+00  |      ---           ---           ---     
n=01:                                7.7491e+00    +4.7833e+00   -1.6096e-01  |      ---           ---           ---     
n=02:                                6.0197e-02    +1.2003e+00   -4.8470e-04  |      ---           ---           ---     
n=03:                                4.7204e+01    -3.9378e+01   +1.9082e-04  |      ---           ---           ---     
n=04:                                1.1172e+03    -9.7395e+02   +5.6635e-05  |      ---           ---           ---     
n=05:                                1.8688e+04    +3.9426e+03   -2.7512e-06  |      ---           ---           ---     
n=06:                                1.3092e+07    +9.8749e+05   -8.2688e-06  |      ---           ---           ---     
