--- multipoles on reference trajectory (rz > 0) ---
effective_length:                   629.6851051649602 mm
perpendicular_grid:                 65 points in [-12.000000,+12.000000] mm
max_fitting_error_normal            0.090/6290.614 G/G
max_fitting_error_skew              330.038/330.038 G/G
r0_for_relative_multipoles          12 mm
main_monomial                       n = 0, skew:False
                                       Nn(s=0)      Integ_Nn     Nn/N0(@r0)   |    Sn(s=0)      Integ_Sn     Sn/S0(@r0)  
<multipole_order n>                    [T/m^n]      [T.m/m^n]        []       |    [T/m^n]      [T.m/m^n]        []      
n=00:                                5.3669e-01    -3.3794e-01   +1.0000e+00  |      ---           ---           ---     
n=01:                                7.3487e+00    +4.5339e+00   -1.6099e-01  |      ---           ---           ---     
n=02:                                3.4165e-01    +8.0742e-01   -3.4405e-04  |      ---           ---           ---     
n=03:                                2.4192e+01    -4.0892e+01   +2.0909e-04  |      ---           ---           ---     
n=04:                                2.4506e+02    +1.2594e+03   -7.7278e-05  |      ---           ---           ---     
n=05:                                6.1398e+04    +1.6907e+04   -1.2448e-05  |      ---           ---           ---     
n=06:                                8.2447e+06    -7.8854e+06   +6.9674e-05  |      ---           ---           ---     
