--- multipoles on reference trajectory (rz > 0) ---
effective_length:                   630.7589381308418 mm
perpendicular_grid:                 65 points in [-12.000000,+12.000000] mm
max_fitting_error_normal            0.079/6913.159 G/G
max_fitting_error_skew              363.513/363.513 G/G
r0_for_relative_multipoles          12 mm
main_monomial                       n = 0, skew:False
                                       Nn(s=0)      Integ_Nn     Nn/N0(@r0)   |    Sn(s=0)      Integ_Sn     Sn/S0(@r0)  
<multipole_order n>                    [T/m^n]      [T.m/m^n]        []       |    [T/m^n]      [T.m/m^n]        []      
n=00:                                5.9315e-01    -3.7414e-01   +1.0000e+00  |      ---           ---           ---     
n=01:                                8.1242e+00    +5.0175e+00   -1.6093e-01  |      ---           ---           ---     
n=02:                                1.1135e+00    +1.4586e+00   -5.6138e-04  |      ---           ---           ---     
n=03:                                5.1479e+01    -1.7121e+01   +7.9075e-05  |      ---           ---           ---     
n=04:                                1.5762e+04    -3.7366e+03   +2.0710e-04  |      ---           ---           ---     
n=05:                                1.0564e+05    -8.7569e+04   +5.8240e-05  |      ---           ---           ---     
n=06:                                5.2257e+07    +1.0847e+07   -8.6572e-05  |      ---           ---           ---     
