--- multipoles on reference trajectory (rz > 0) ---
effective_length:                   632.8627120178203 mm
perpendicular_grid:                 65 points in [-12.000000,+12.000000] mm
max_fitting_error_normal            0.063/6283.029 G/G
max_fitting_error_skew              344.191/344.191 G/G
r0_for_relative_multipoles          12 mm
main_monomial                       n = 0, skew:False
                                       Nn(s=0)      Integ_Nn     Nn/N0(@r0)   |    Sn(s=0)      Integ_Sn     Sn/S0(@r0)  
<multipole_order n>                    [T/m^n]      [T.m/m^n]        []       |    [T/m^n]      [T.m/m^n]        []      
n=00:                                5.3666e-01    -3.3964e-01   +1.0000e+00  |      ---           ---           ---     
n=01:                                7.3632e+00    +4.5617e+00   -1.6117e-01  |      ---           ---           ---     
n=02:                                2.3607e-01    +1.1714e+00   -4.9665e-04  |      ---           ---           ---     
n=03:                                2.7554e+01    -3.9793e+01   +2.0246e-04  |      ---           ---           ---     
n=04:                                1.5198e+03    -1.5168e+03   +9.2606e-05  |      ---           ---           ---     
n=05:                                3.8051e+04    -2.7878e+03   +2.0425e-06  |      ---           ---           ---     
n=06:                                1.2961e+07    +2.9085e+06   -2.5571e-05  |      ---           ---           ---     
