--- multipoles on reference trajectory (rz > 0) ---
effective_length:                   629.3135146558114 mm
perpendicular_grid:                 65 points in [-12.000000,+12.000000] mm
max_fitting_error_normal            0.079/4531.464 G/G
max_fitting_error_skew              327.758/327.758 G/G
r0_for_relative_multipoles          12 mm
main_monomial                       n = 0, skew:False
                                       Nn(s=0)      Integ_Nn     Nn/N0(@r0)   |    Sn(s=0)      Integ_Sn     Sn/S0(@r0)  
<multipole_order n>                    [T/m^n]      [T.m/m^n]        []       |    [T/m^n]      [T.m/m^n]        []      
n=00:                                5.3692e-01    -3.3789e-01   +1.0000e+00  |      ---           ---           ---     
n=01:                                7.3525e+00    +4.5373e+00   -1.6114e-01  |      ---           ---           ---     
n=02:                                2.2270e-02    +7.7366e-01   -3.2972e-04  |      ---           ---           ---     
n=03:                                3.3156e+01    -2.6309e+01   +1.3455e-04  |      ---           ---           ---     
n=04:                                2.8065e+03    +1.6048e+03   -9.8485e-05  |      ---           ---           ---     
n=05:                                1.4572e+04    -5.9472e+04   +4.3797e-05  |      ---           ---           ---     
n=06:                                6.7537e+04    -1.0066e+07   +8.8958e-05  |      ---           ---           ---     
