--- multipoles on reference trajectory (rz > 0) ---
effective_length:                   630.9425362221007 mm
perpendicular_grid:                 65 points in [-12.000000,+12.000000] mm
max_fitting_error_normal            0.086/6484.211 G/G
max_fitting_error_skew              350.474/350.474 G/G
r0_for_relative_multipoles          12 mm
main_monomial                       n = 0, skew:False
                                       Nn(s=0)      Integ_Nn     Nn/N0(@r0)   |    Sn(s=0)      Integ_Sn     Sn/S0(@r0)  
<multipole_order n>                    [T/m^n]      [T.m/m^n]        []       |    [T/m^n]      [T.m/m^n]        []      
n=00:                                5.6506e-01    -3.5652e-01   +1.0000e+00  |      ---           ---           ---     
n=01:                                7.7445e+00    +4.7798e+00   -1.6088e-01  |      ---           ---           ---     
n=02:                                5.6968e-01    +8.8249e-01   -3.5644e-04  |      ---           ---           ---     
n=03:                                4.4681e+01    -3.8789e+01   +1.8800e-04  |      ---           ---           ---     
n=04:                                7.4147e+03    +3.6147e+02   -2.1024e-05  |      ---           ---           ---     
n=05:                                3.5050e+04    -1.5230e+04   +1.0630e-05  |      ---           ---           ---     
n=06:                                4.0636e+07    -3.3953e+06   +2.8437e-05  |      ---           ---           ---     
