--- multipoles on reference trajectory (rz > 0) ---
effective_length:                   630.5893734767704 mm
perpendicular_grid:                 65 points in [-12.000000,+12.000000] mm
max_fitting_error_normal            0.099/6288.564 G/G
max_fitting_error_skew              330.504/330.504 G/G
r0_for_relative_multipoles          12 mm
main_monomial                       n = 0, skew:False
                                       Nn(s=0)      Integ_Nn     Nn/N0(@r0)   |    Sn(s=0)      Integ_Sn     Sn/S0(@r0)  
<multipole_order n>                    [T/m^n]      [T.m/m^n]        []       |    [T/m^n]      [T.m/m^n]        []      
n=00:                                5.3681e-01    -3.3850e-01   +1.0000e+00  |      ---           ---           ---     
n=01:                                7.3497e+00    +4.5441e+00   -1.6109e-01  |      ---           ---           ---     
n=02:                                9.1644e-01    +8.0549e-01   -3.4266e-04  |      ---           ---           ---     
n=03:                                7.2678e+01    -4.9002e+01   +2.5015e-04  |      ---           ---           ---     
n=04:                                5.5927e+03    +4.7210e+01   -2.8920e-06  |      ---           ---           ---     
n=05:                                1.8248e+05    +5.4193e+04   -3.9837e-05  |      ---           ---           ---     
n=06:                                3.0384e+07    -3.4259e+06   +3.0220e-05  |      ---           ---           ---     
