--- multipoles on reference trajectory (rz > 0) ---
effective_length:                   631.2085777886286 mm
perpendicular_grid:                 65 points in [-12.000000,+12.000000] mm
max_fitting_error_normal            0.301/3887.569 G/G
max_fitting_error_skew              9.433/9.433 G/G
r0_for_relative_multipoles          12 mm
main_monomial                       n = 0, skew:False
                                       Nn(s=0)      Integ_Nn     Nn/N0(@r0)   |    Sn(s=0)      Integ_Sn     Sn/S0(@r0)  
<multipole_order n>                    [T/m^n]      [T.m/m^n]        []       |    [T/m^n]      [T.m/m^n]        []      
n=00:                                5.4266e-01    -3.4253e-01   +1.0000e+00  |      ---           ---           ---     
n=01:                                7.4632e+00    +4.6147e+00   -1.6167e-01  |      ---           ---           ---     
n=02:                                2.1094e-02    +8.1306e-01   -3.4181e-04  |      ---           ---           ---     
n=03:                                2.9285e+01    -2.3658e+01   +1.1935e-04  |      ---           ---           ---     
n=04:                                1.3632e+04    -1.3977e+03   +8.4615e-05  |      ---           ---           ---     
n=05:                                1.1593e+05    -9.0588e+04   +6.5807e-05  |      ---           ---           ---     
n=06:                                5.9553e+07    +2.0270e+06   -1.7670e-05  |      ---           ---           ---     
