--- multipoles on reference trajectory (rz > 0) ---
effective_length:                   632.51264101807 mm
perpendicular_grid:                 65 points in [-12.000000,+12.000000] mm
max_fitting_error_normal            0.062/6587.169 G/G
max_fitting_error_skew              348.209/348.209 G/G
r0_for_relative_multipoles          12 mm
main_monomial                       n = 0, skew:False
                                       Nn(s=0)      Integ_Nn     Nn/N0(@r0)   |    Sn(s=0)      Integ_Sn     Sn/S0(@r0)  
<multipole_order n>                    [T/m^n]      [T.m/m^n]        []       |    [T/m^n]      [T.m/m^n]        []      
n=00:                                5.6459e-01    -3.5711e-01   +1.0000e+00  |      ---           ---           ---     
n=01:                                7.7300e+00    +4.7861e+00   -1.6083e-01  |      ---           ---           ---     
n=02:                                1.2683e-01    +9.8545e-01   -3.9737e-04  |      ---           ---           ---     
n=03:                                1.9065e+01    -2.2621e+01   +1.0946e-04  |      ---           ---           ---     
n=04:                                3.3689e+03    +9.1177e+01   -5.2942e-06  |      ---           ---           ---     
n=05:                                1.0595e+05    -7.6194e+04   +5.3091e-05  |      ---           ---           ---     
n=06:                                5.5011e+06    -3.6908e+06   +3.0860e-05  |      ---           ---           ---     
