--- multipoles on reference trajectory (rz > 0) ---
effective_length:                   632.0472178738179 mm
perpendicular_grid:                 65 points in [-12.000000,+12.000000] mm
max_fitting_error_normal            0.101/6294.446 G/G
max_fitting_error_skew              333.031/333.031 G/G
r0_for_relative_multipoles          12 mm
main_monomial                       n = 0, skew:False
                                       Nn(s=0)      Integ_Nn     Nn/N0(@r0)   |    Sn(s=0)      Integ_Sn     Sn/S0(@r0)  
<multipole_order n>                    [T/m^n]      [T.m/m^n]        []       |    [T/m^n]      [T.m/m^n]        []      
n=00:                                5.3841e-01    -3.4030e-01   +1.0000e+00  |      ---           ---           ---     
n=01:                                7.3519e+00    +4.5436e+00   -1.6022e-01  |      ---           ---           ---     
n=02:                                4.1846e-01    +9.4318e-01   -3.9911e-04  |      ---           ---           ---     
n=03:                                8.2887e+01    -3.4206e+01   +1.7369e-04  |      ---           ---           ---     
n=04:                                2.8434e+03    -6.5950e+02   +4.0186e-05  |      ---           ---           ---     
n=05:                                2.7585e+05    -3.1764e+03   +2.3226e-06  |      ---           ---           ---     
n=06:                                1.9024e+07    +5.2301e+05   -4.5891e-06  |      ---           ---           ---     
