--- multipoles on reference trajectory (rz > 0) ---
effective_length:                   631.0828188114327 mm
perpendicular_grid:                 65 points in [-12.000000,+12.000000] mm
max_fitting_error_normal            0.093/6303.120 G/G
max_fitting_error_skew              333.778/333.778 G/G
r0_for_relative_multipoles          12 mm
main_monomial                       n = 0, skew:False
                                       Nn(s=0)      Integ_Nn     Nn/N0(@r0)   |    Sn(s=0)      Integ_Sn     Sn/S0(@r0)  
<multipole_order n>                    [T/m^n]      [T.m/m^n]        []       |    [T/m^n]      [T.m/m^n]        []      
n=00:                                5.3873e-01    -3.3998e-01   +1.0000e+00  |      ---           ---           ---     
n=01:                                7.3605e+00    +4.5458e+00   -1.6045e-01  |      ---           ---           ---     
n=02:                                5.1325e-01    +8.4785e-01   -3.5911e-04  |      ---           ---           ---     
n=03:                                1.9031e+01    -5.5144e+01   +2.8028e-04  |      ---           ---           ---     
n=04:                                3.9710e+03    +5.6692e+02   -3.4578e-05  |      ---           ---           ---     
n=05:                                1.5155e+05    +6.1480e+04   -4.4997e-05  |      ---           ---           ---     
n=06:                                2.0826e+07    -6.8203e+06   +5.9901e-05  |      ---           ---           ---     
