--- multipoles on reference trajectory (rz > 0) ---
effective_length:                   630.0915600026516 mm
perpendicular_grid:                 65 points in [-12.000000,+12.000000] mm
max_fitting_error_normal            0.072/5578.025 G/G
max_fitting_error_skew              329.604/329.604 G/G
r0_for_relative_multipoles          12 mm
main_monomial                       n = 0, skew:False
                                       Nn(s=0)      Integ_Nn     Nn/N0(@r0)   |    Sn(s=0)      Integ_Sn     Sn/S0(@r0)  
<multipole_order n>                    [T/m^n]      [T.m/m^n]        []       |    [T/m^n]      [T.m/m^n]        []      
n=00:                                5.3703e-01    -3.3838e-01   +1.0000e+00  |      ---           ---           ---     
n=01:                                7.3563e+00    +4.5420e+00   -1.6107e-01  |      ---           ---           ---     
n=02:                                3.8278e-02    +8.9599e-01   -3.8130e-04  |      ---           ---           ---     
n=03:                                3.6494e+01    -2.8834e+01   +1.4725e-04  |      ---           ---           ---     
n=04:                                6.6684e+03    -4.9068e+02   +3.0069e-05  |      ---           ---           ---     
n=05:                                3.1057e+04    -5.8874e+04   +4.3294e-05  |      ---           ---           ---     
n=06:                                1.6802e+07    -2.8247e+06   +2.4926e-05  |      ---           ---           ---     
