--- multipoles on reference trajectory (rz > 0) ---
effective_length:                   630.3896255046318 mm
perpendicular_grid:                 65 points in [-12.000000,+12.000000] mm
max_fitting_error_normal            0.070/4768.665 G/G
max_fitting_error_skew              348.341/348.341 G/G
r0_for_relative_multipoles          12 mm
main_monomial                       n = 0, skew:False
                                       Nn(s=0)      Integ_Nn     Nn/N0(@r0)   |    Sn(s=0)      Integ_Sn     Sn/S0(@r0)  
<multipole_order n>                    [T/m^n]      [T.m/m^n]        []       |    [T/m^n]      [T.m/m^n]        []      
n=00:                                5.6496e-01    -3.5614e-01   +1.0000e+00  |      ---           ---           ---     
n=01:                                7.7316e+00    +4.7776e+00   -1.6098e-01  |      ---           ---           ---     
n=02:                                4.5983e-01    +9.1011e-01   -3.6799e-04  |      ---           ---           ---     
n=03:                                3.9514e+01    -3.8505e+01   +1.8683e-04  |      ---           ---           ---     
n=04:                                1.4773e+03    +8.4746e+02   -4.9342e-05  |      ---           ---           ---     
n=05:                                1.6697e+04    +2.3628e+03   -1.6509e-06  |      ---           ---           ---     
n=06:                                1.1708e+07    -6.7860e+06   +5.6896e-05  |      ---           ---           ---     
