--- multipoles on reference trajectory (rz > 0) ---
effective_length:                   629.7554905608752 mm
perpendicular_grid:                 65 points in [-12.000000,+12.000000] mm
max_fitting_error_normal            0.073/4723.480 G/G
max_fitting_error_skew              355.607/355.607 G/G
r0_for_relative_multipoles          12 mm
main_monomial                       n = 0, skew:False
                                       Nn(s=0)      Integ_Nn     Nn/N0(@r0)   |    Sn(s=0)      Integ_Sn     Sn/S0(@r0)  
<multipole_order n>                    [T/m^n]      [T.m/m^n]        []       |    [T/m^n]      [T.m/m^n]        []      
n=00:                                5.6504e-01    -3.5584e-01   +1.0000e+00  |      ---           ---           ---     
n=01:                                7.7368e+00    +4.7749e+00   -1.6102e-01  |      ---           ---           ---     
n=02:                                3.6934e-01    +8.7432e-01   -3.5382e-04  |      ---           ---           ---     
n=03:                                6.9567e-01    -2.6500e+01   +1.2868e-04  |      ---           ---           ---     
n=04:                                2.7107e+02    +1.4619e+03   -8.5188e-05  |      ---           ---           ---     
n=05:                                2.0779e+05    -5.2560e+04   +3.6754e-05  |      ---           ---           ---     
n=06:                                7.6470e+06    -9.0010e+06   +7.5531e-05  |      ---           ---           ---     
