--- multipoles on reference trajectory (rz > 0) ---
effective_length:                   629.954680750403 mm
perpendicular_grid:                 65 points in [-12.000000,+12.000000] mm
max_fitting_error_normal            0.087/4952.766 G/G
max_fitting_error_skew              366.274/366.274 G/G
r0_for_relative_multipoles          12 mm
main_monomial                       n = 0, skew:False
                                       Nn(s=0)      Integ_Nn     Nn/N0(@r0)   |    Sn(s=0)      Integ_Sn     Sn/S0(@r0)  
<multipole_order n>                    [T/m^n]      [T.m/m^n]        []       |    [T/m^n]      [T.m/m^n]        []      
n=00:                                5.9242e-01    -3.7320e-01   +1.0000e+00  |      ---           ---           ---     
n=01:                                8.1042e+00    +4.9986e+00   -1.6073e-01  |      ---           ---           ---     
n=02:                                2.9195e-01    +8.5135e-01   -3.2849e-04  |      ---           ---           ---     
n=03:                                6.1454e+01    -2.5595e+01   +1.1851e-04  |      ---           ---           ---     
n=04:                                1.4447e+03    +6.9853e+02   -3.8812e-05  |      ---           ---           ---     
n=05:                                5.0830e+05    -8.8972e+04   +5.9322e-05  |      ---           ---           ---     
n=06:                                6.2189e+06    -5.3117e+06   +4.2499e-05  |      ---           ---           ---     
