--- multipoles on reference trajectory (rz > 0) ---
effective_length:                   632.0627341927556 mm
perpendicular_grid:                 65 points in [-12.000000,+12.000000] mm
max_fitting_error_normal            0.087/4730.931 G/G
max_fitting_error_skew              354.221/354.221 G/G
r0_for_relative_multipoles          12 mm
main_monomial                       n = 0, skew:False
                                       Nn(s=0)      Integ_Nn     Nn/N0(@r0)   |    Sn(s=0)      Integ_Sn     Sn/S0(@r0)  
<multipole_order n>                    [T/m^n]      [T.m/m^n]        []       |    [T/m^n]      [T.m/m^n]        []      
n=00:                                5.6443e-01    -3.5675e-01   +1.0000e+00  |      ---           ---           ---     
n=01:                                7.7327e+00    +4.7844e+00   -1.6093e-01  |      ---           ---           ---     
n=02:                                1.6355e-01    +1.1832e+00   -4.7759e-04  |      ---           ---           ---     
n=03:                                1.8728e+01    -1.3146e+01   +6.3676e-05  |      ---           ---           ---     
n=04:                                5.6439e+03    +2.5708e+01   -1.4943e-06  |      ---           ---           ---     
n=05:                                2.5384e+05    -9.2458e+04   +6.4488e-05  |      ---           ---           ---     
n=06:                                3.6863e+07    -4.7212e+06   +3.9516e-05  |      ---           ---           ---     
