--- multipoles on reference trajectory (rz > 0) ---
effective_length:                   630.3871970466148 mm
perpendicular_grid:                 65 points in [-12.000000,+12.000000] mm
max_fitting_error_normal            0.070/4769.587 G/G
max_fitting_error_skew              348.391/348.391 G/G
r0_for_relative_multipoles          12 mm
main_monomial                       n = 0, skew:False
                                       Nn(s=0)      Integ_Nn     Nn/N0(@r0)   |    Sn(s=0)      Integ_Sn     Sn/S0(@r0)  
<multipole_order n>                    [T/m^n]      [T.m/m^n]        []       |    [T/m^n]      [T.m/m^n]        []      
n=00:                                5.6505e-01    -3.5620e-01   +1.0000e+00  |      ---           ---           ---     
n=01:                                7.7316e+00    +4.7775e+00   -1.6095e-01  |      ---           ---           ---     
n=02:                                4.5865e-01    +9.1155e-01   -3.6851e-04  |      ---           ---           ---     
n=03:                                3.9571e+01    -3.8530e+01   +1.8692e-04  |      ---           ---           ---     
n=04:                                1.4842e+03    +8.4577e+02   -4.9236e-05  |      ---           ---           ---     
n=05:                                1.5963e+04    +2.7365e+03   -1.9117e-06  |      ---           ---           ---     
n=06:                                1.1743e+07    -6.7770e+06   +5.6811e-05  |      ---           ---           ---     
