--- multipoles on reference trajectory (rz > 0) ---
effective_length:                   631.1334183612997 mm
perpendicular_grid:                 65 points in [-12.000000,+12.000000] mm
max_fitting_error_normal            0.116/6934.149 G/G
max_fitting_error_skew              373.830/373.830 G/G
r0_for_relative_multipoles          12 mm
main_monomial                       n = 0, skew:False
                                       Nn(s=0)      Integ_Nn     Nn/N0(@r0)   |    Sn(s=0)      Integ_Sn     Sn/S0(@r0)  
<multipole_order n>                    [T/m^n]      [T.m/m^n]        []       |    [T/m^n]      [T.m/m^n]        []      
n=00:                                5.9244e-01    -3.7391e-01   +1.0000e+00  |      ---           ---           ---     
n=01:                                8.1114e+00    +5.0104e+00   -1.6080e-01  |      ---           ---           ---     
n=02:                                2.9313e-01    +9.7472e-01   -3.7538e-04  |      ---           ---           ---     
n=03:                                9.1812e+00    -3.1606e+01   +1.4607e-04  |      ---           ---           ---     
n=04:                                5.9476e+03    +2.0162e+03   -1.1182e-04  |      ---           ---           ---     
n=05:                                7.5956e+04    -1.4902e+04   +9.9169e-06  |      ---           ---           ---     
n=06:                                3.8335e+07    -1.1142e+07   +8.8977e-05  |      ---           ---           ---     
