--- multipoles on reference trajectory (rz > 0) ---
effective_length:                   631.7920749061135 mm
perpendicular_grid:                 65 points in [-12.000000,+12.000000] mm
max_fitting_error_normal            0.101/4503.128 G/G
max_fitting_error_skew              334.573/334.573 G/G
r0_for_relative_multipoles          12 mm
main_monomial                       n = 0, skew:False
                                       Nn(s=0)      Integ_Nn     Nn/N0(@r0)   |    Sn(s=0)      Integ_Sn     Sn/S0(@r0)  
<multipole_order n>                    [T/m^n]      [T.m/m^n]        []       |    [T/m^n]      [T.m/m^n]        []      
n=00:                                5.3662e-01    -3.3903e-01   +1.0000e+00  |      ---           ---           ---     
n=01:                                7.3569e+00    +4.5524e+00   -1.6113e-01  |      ---           ---           ---     
n=02:                                4.9986e-01    +1.0449e+00   -4.4380e-04  |      ---           ---           ---     
n=03:                                4.1368e+01    -2.9794e+01   +1.5185e-04  |      ---           ---           ---     
n=04:                                6.6304e+03    +5.1064e+01   -3.1232e-06  |      ---           ---           ---     
n=05:                                5.9150e+03    -2.3494e+04   +1.7243e-05  |      ---           ---           ---     
n=06:                                4.0089e+07    -3.7711e+06   +3.3213e-05  |      ---           ---           ---     
