--- multipoles on reference trajectory (rz > 0) ---
effective_length:                   630.6448676232948 mm
perpendicular_grid:                 65 points in [-12.000000,+12.000000] mm
max_fitting_error_normal            0.075/6613.540 G/G
max_fitting_error_skew              359.456/359.456 G/G
r0_for_relative_multipoles          12 mm
main_monomial                       n = 0, skew:False
                                       Nn(s=0)      Integ_Nn     Nn/N0(@r0)   |    Sn(s=0)      Integ_Sn     Sn/S0(@r0)  
<multipole_order n>                    [T/m^n]      [T.m/m^n]        []       |    [T/m^n]      [T.m/m^n]        []      
n=00:                                5.6456e-01    -3.5604e-01   +1.0000e+00  |      ---           ---           ---     
n=01:                                7.7333e+00    +4.7740e+00   -1.6090e-01  |      ---           ---           ---     
n=02:                                6.8145e-01    +9.3853e-01   -3.7959e-04  |      ---           ---           ---     
n=03:                                6.8320e+01    -4.9385e+01   +2.3969e-04  |      ---           ---           ---     
n=04:                                1.3963e+03    -1.6253e+03   +9.4657e-05  |      ---           ---           ---     
n=05:                                7.9651e+04    +7.3251e+03   -5.1195e-06  |      ---           ---           ---     
n=06:                                1.7007e+07    +1.4496e+06   -1.2157e-05  |      ---           ---           ---     
