--- multipoles on reference trajectory (rz > 0) ---
effective_length:                   629.6027296371086 mm
perpendicular_grid:                 65 points in [-12.000000,+12.000000] mm
max_fitting_error_normal            0.103/6590.084 G/G
max_fitting_error_skew              349.221/349.221 G/G
r0_for_relative_multipoles          12 mm
main_monomial                       n = 0, skew:False
                                       Nn(s=0)      Integ_Nn     Nn/N0(@r0)   |    Sn(s=0)      Integ_Sn     Sn/S0(@r0)  
<multipole_order n>                    [T/m^n]      [T.m/m^n]        []       |    [T/m^n]      [T.m/m^n]        []      
n=00:                                5.6509e-01    -3.5578e-01   +1.0000e+00  |      ---           ---           ---     
n=01:                                7.7361e+00    +4.7696e+00   -1.6087e-01  |      ---           ---           ---     
n=02:                                9.4260e-01    +9.9383e-01   -4.0225e-04  |      ---           ---           ---     
n=03:                                9.2400e+01    -5.0701e+01   +2.4625e-04  |      ---           ---           ---     
n=04:                                8.3511e+03    -3.5268e+02   +2.0555e-05  |      ---           ---           ---     
n=05:                                3.3240e+05    +5.1285e+04   -3.5869e-05  |      ---           ---           ---     
n=06:                                4.3920e+07    -2.2979e+06   +1.9286e-05  |      ---           ---           ---     
