--- multipoles on reference trajectory (rz > 0) ---
effective_length:                   631.4325947050843 mm
perpendicular_grid:                 65 points in [-12.000000,+12.000000] mm
max_fitting_error_normal            0.066/4729.785 G/G
max_fitting_error_skew              349.835/349.835 G/G
r0_for_relative_multipoles          12 mm
main_monomial                       n = 0, skew:False
                                       Nn(s=0)      Integ_Nn     Nn/N0(@r0)   |    Sn(s=0)      Integ_Sn     Sn/S0(@r0)  
<multipole_order n>                    [T/m^n]      [T.m/m^n]        []       |    [T/m^n]      [T.m/m^n]        []      
n=00:                                5.6470e-01    -3.5657e-01   +1.0000e+00  |      ---           ---           ---     
n=01:                                7.7381e+00    +4.7850e+00   -1.6103e-01  |      ---           ---           ---     
n=02:                                4.2399e-01    +1.0128e+00   -4.0900e-04  |      ---           ---           ---     
n=03:                                1.8096e+01    -4.2915e+01   +2.0797e-04  |      ---           ---           ---     
n=04:                                3.8246e+03    +1.6208e+03   -9.4258e-05  |      ---           ---           ---     
n=05:                                1.6084e+05    -1.5442e+03   +1.0776e-06  |      ---           ---           ---     
n=06:                                1.7793e+07    -7.8356e+06   +6.5616e-05  |      ---           ---           ---     
