--- multipoles on reference trajectory (rz > 0) ---
effective_length:                   631.5501427005195 mm
perpendicular_grid:                 65 points in [-12.000000,+12.000000] mm
max_fitting_error_normal            0.072/4728.042 G/G
max_fitting_error_skew              346.580/346.580 G/G
r0_for_relative_multipoles          12 mm
main_monomial                       n = 0, skew:False
                                       Nn(s=0)      Integ_Nn     Nn/N0(@r0)   |    Sn(s=0)      Integ_Sn     Sn/S0(@r0)  
<multipole_order n>                    [T/m^n]      [T.m/m^n]        []       |    [T/m^n]      [T.m/m^n]        []      
n=00:                                5.6514e-01    -3.5691e-01   +1.0000e+00  |      ---           ---           ---     
n=01:                                7.7420e+00    +4.7858e+00   -1.6091e-01  |      ---           ---           ---     
n=02:                                8.0032e-01    +8.7173e-01   -3.5171e-04  |      ---           ---           ---     
n=03:                                7.1601e+01    -4.0312e+01   +1.9517e-04  |      ---           ---           ---     
n=04:                                8.3815e+03    +5.4375e+02   -3.1591e-05  |      ---           ---           ---     
n=05:                                1.2312e+05    -1.6186e+04   +1.1284e-05  |      ---           ---           ---     
n=06:                                4.5329e+07    -6.8531e+06   +5.7334e-05  |      ---           ---           ---     
