--- multipoles on reference trajectory (rz > 0) ---
effective_length:                   630.9457660086224 mm
perpendicular_grid:                 65 points in [-12.000000,+12.000000] mm
max_fitting_error_normal            0.067/5273.767 G/G
max_fitting_error_skew              330.190/330.190 G/G
r0_for_relative_multipoles          12 mm
main_monomial                       n = 0, skew:False
                                       Nn(s=0)      Integ_Nn     Nn/N0(@r0)   |    Sn(s=0)      Integ_Sn     Sn/S0(@r0)  
<multipole_order n>                    [T/m^n]      [T.m/m^n]        []       |    [T/m^n]      [T.m/m^n]        []      
n=00:                                5.3748e-01    -3.3912e-01   +1.0000e+00  |      ---           ---           ---     
n=01:                                7.3641e+00    +4.5555e+00   -1.6120e-01  |      ---           ---           ---     
n=02:                                9.3324e-02    +9.4437e-01   -4.0101e-04  |      ---           ---           ---     
n=03:                                6.9009e+00    -3.3975e+01   +1.7312e-04  |      ---           ---           ---     
n=04:                                4.1133e+03    -2.0663e+02   +1.2635e-05  |      ---           ---           ---     
n=05:                                8.7632e+04    +1.9816e+03   -1.4540e-06  |      ---           ---           ---     
n=06:                                1.6583e+07    -1.2716e+06   +1.1196e-05  |      ---           ---           ---     
