--- multipoles on reference trajectory (rz > 0) ---
effective_length:                   631.2945409561586 mm
perpendicular_grid:                 65 points in [-12.000000,+12.000000] mm
max_fitting_error_normal            0.103/6952.853 G/G
max_fitting_error_skew              378.915/378.915 G/G
r0_for_relative_multipoles          17.5 mm
main_monomial                       n = 0, skew:False
                                       Nn(s=0)      Integ_Nn     Nn/N0(@r0)   |    Sn(s=0)      Integ_Sn     Sn/S0(@r0)  
<multipole_order n>                    [T/m^n]      [T.m/m^n]        []       |    [T/m^n]      [T.m/m^n]        []      
n=00:                                5.9464e-01    -3.7540e-01   +1.0000e+00  |      ---           ---           ---     
n=01:                                8.1225e+00    +5.0204e+00   -2.3404e-01  |      ---           ---           ---     
n=02:                                2.0899e-01    +1.2786e+00   -1.0431e-03  |      ---           ---           ---     
n=03:                                1.1369e+01    -2.8542e+01   +4.0749e-04  |      ---           ---           ---     
n=04:                                2.5072e+03    -5.2790e+02   +1.3189e-04  |      ---           ---           ---     
n=05:                                9.4927e+04    -4.3165e+04   +1.8873e-04  |      ---           ---           ---     
n=06:                                1.4876e+07    +6.0001e+04   -4.5909e-06  |      ---           ---           ---     
