--- multipoles on reference trajectory (rz > 0) ---
effective_length:                   630.9149781902869 mm
perpendicular_grid:                 65 points in [-12.000000,+12.000000] mm
max_fitting_error_normal            0.063/4688.883 G/G
max_fitting_error_skew              347.559/347.559 G/G
r0_for_relative_multipoles          12 mm
main_monomial                       n = 0, skew:False
                                       Nn(s=0)      Integ_Nn     Nn/N0(@r0)   |    Sn(s=0)      Integ_Sn     Sn/S0(@r0)  
<multipole_order n>                    [T/m^n]      [T.m/m^n]        []       |    [T/m^n]      [T.m/m^n]        []      
n=00:                                5.6468e-01    -3.5627e-01   +1.0000e+00  |      ---           ---           ---     
n=01:                                7.7346e+00    +4.7838e+00   -1.6113e-01  |      ---           ---           ---     
n=02:                                2.4908e-01    +1.0042e+00   -4.0587e-04  |      ---           ---           ---     
n=03:                                2.6021e+01    -2.5841e+01   +1.2534e-04  |      ---           ---           ---     
n=04:                                1.5197e+03    +6.5676e+02   -3.8226e-05  |      ---           ---           ---     
n=05:                                3.9736e+04    -7.0981e+04   +4.9576e-05  |      ---           ---           ---     
n=06:                                3.7546e+06    -4.7624e+06   +3.9915e-05  |      ---           ---           ---     
