--- multipoles on reference trajectory (rz > 0) ---
effective_length:                   629.71240879481 mm
perpendicular_grid:                 65 points in [-12.000000,+12.000000] mm
max_fitting_error_normal            0.067/5229.692 G/G
max_fitting_error_skew              373.359/373.359 G/G
r0_for_relative_multipoles          12 mm
main_monomial                       n = 0, skew:False
                                       Nn(s=0)      Integ_Nn     Nn/N0(@r0)   |    Sn(s=0)      Integ_Sn     Sn/S0(@r0)  
<multipole_order n>                    [T/m^n]      [T.m/m^n]        []       |    [T/m^n]      [T.m/m^n]        []      
n=00:                                5.9277e-01    -3.7328e-01   +1.0000e+00  |      ---           ---           ---     
n=01:                                8.1191e+00    +5.0041e+00   -1.6087e-01  |      ---           ---           ---     
n=02:                                7.8882e-02    +1.1321e+00   -4.3675e-04  |      ---           ---           ---     
n=03:                                5.8506e+01    -3.1046e+01   +1.4372e-04  |      ---           ---           ---     
n=04:                                7.1966e+03    -1.5337e+03   +8.5200e-05  |      ---           ---           ---     
n=05:                                1.1275e+05    -5.1958e+04   +3.4636e-05  |      ---           ---           ---     
n=06:                                2.1073e+07    +3.1629e+06   -2.5301e-05  |      ---           ---           ---     
