--- multipoles on reference trajectory (rz > 0) ---
effective_length:                   630.2739007223194 mm
perpendicular_grid:                 65 points in [-12.000000,+12.000000] mm
max_fitting_error_normal            0.090/6267.479 G/G
max_fitting_error_skew              336.519/336.519 G/G
r0_for_relative_multipoles          12 mm
main_monomial                       n = 0, skew:False
                                       Nn(s=0)      Integ_Nn     Nn/N0(@r0)   |    Sn(s=0)      Integ_Sn     Sn/S0(@r0)  
<multipole_order n>                    [T/m^n]      [T.m/m^n]        []       |    [T/m^n]      [T.m/m^n]        []      
n=00:                                5.3707e-01    -3.3850e-01   +1.0000e+00  |      ---           ---           ---     
n=01:                                7.3553e+00    +4.5447e+00   -1.6111e-01  |      ---           ---           ---     
n=02:                                1.2946e+00    +7.3266e-01   -3.1167e-04  |      ---           ---           ---     
n=03:                                6.3816e+01    -3.2812e+01   +1.6750e-04  |      ---           ---           ---     
n=04:                                1.0092e+04    +1.0272e+03   -6.2922e-05  |      ---           ---           ---     
n=05:                                4.2987e+05    +5.9154e+02   -4.3484e-07  |      ---           ---           ---     
n=06:                                3.2280e+07    -3.4241e+06   +3.0205e-05  |      ---           ---           ---     
