--- multipoles on reference trajectory (rz > 0) ---
effective_length:                   631.7226345707219 mm
perpendicular_grid:                 65 points in [-12.000000,+12.000000] mm
max_fitting_error_normal            0.097/4982.943 G/G
max_fitting_error_skew              366.949/366.949 G/G
r0_for_relative_multipoles          12 mm
main_monomial                       n = 0, skew:False
                                       Nn(s=0)      Integ_Nn     Nn/N0(@r0)   |    Sn(s=0)      Integ_Sn     Sn/S0(@r0)  
<multipole_order n>                    [T/m^n]      [T.m/m^n]        []       |    [T/m^n]      [T.m/m^n]        []      
n=00:                                5.9283e-01    -3.7451e-01   +1.0000e+00  |      ---           ---           ---     
n=01:                                8.1148e+00    +5.0183e+00   -1.6080e-01  |      ---           ---           ---     
n=02:                                2.4498e-01    +1.1733e+00   -4.5115e-04  |      ---           ---           ---     
n=03:                                3.3809e+01    -2.3443e+01   +1.0817e-04  |      ---           ---           ---     
n=04:                                6.1671e+03    -4.4575e+02   +2.4681e-05  |      ---           ---           ---     
n=05:                                9.4929e+04    -1.1394e+05   +7.5705e-05  |      ---           ---           ---     
n=06:                                8.2499e+06    -4.6432e+06   +3.7020e-05  |      ---           ---           ---     
