--- multipoles on reference trajectory (rz > 0) ---
effective_length:                   630.8202202769564 mm
perpendicular_grid:                 65 points in [-12.000000,+12.000000] mm
max_fitting_error_normal            0.109/6953.831 G/G
max_fitting_error_skew              371.175/371.175 G/G
r0_for_relative_multipoles          17.5 mm
main_monomial                       n = 0, skew:False
                                       Nn(s=0)      Integ_Nn     Nn/N0(@r0)   |    Sn(s=0)      Integ_Sn     Sn/S0(@r0)  
<multipole_order n>                    [T/m^n]      [T.m/m^n]        []       |    [T/m^n]      [T.m/m^n]        []      
n=00:                                5.9490e-01    -3.7527e-01   +1.0000e+00  |      ---           ---           ---     
n=01:                                8.1239e+00    +5.0100e+00   -2.3363e-01  |      ---           ---           ---     
n=02:                                4.1143e-01    +1.1376e+00   -9.2837e-04  |      ---           ---           ---     
n=03:                                3.2396e+01    -2.3917e+01   +3.4156e-04  |      ---           ---           ---     
n=04:                                8.3970e+03    -1.0345e+03   +2.5855e-04  |      ---           ---           ---     
n=05:                                3.7293e+03    -8.7945e+04   +3.8464e-04  |      ---           ---           ---     
n=06:                                2.4185e+07    +1.5255e+06   -1.1676e-04  |      ---           ---           ---     
