--- multipoles on reference trajectory (rz > 0) ---
effective_length:                   631.3543268646102 mm
perpendicular_grid:                 65 points in [-12.000000,+12.000000] mm
max_fitting_error_normal            0.113/4486.710 G/G
max_fitting_error_skew              333.581/333.581 G/G
r0_for_relative_multipoles          12 mm
main_monomial                       n = 0, skew:False
                                       Nn(s=0)      Integ_Nn     Nn/N0(@r0)   |    Sn(s=0)      Integ_Sn     Sn/S0(@r0)  
<multipole_order n>                    [T/m^n]      [T.m/m^n]        []       |    [T/m^n]      [T.m/m^n]        []      
n=00:                                5.3662e-01    -3.3880e-01   +1.0000e+00  |      ---           ---           ---     
n=01:                                7.3569e+00    +4.5494e+00   -1.6114e-01  |      ---           ---           ---     
n=02:                                4.9986e-01    +9.0233e-01   -3.8352e-04  |      ---           ---           ---     
n=03:                                4.1368e+01    -2.8055e+01   +1.4309e-04  |      ---           ---           ---     
n=04:                                6.6304e+03    +1.5665e+03   -9.5877e-05  |      ---           ---           ---     
n=05:                                5.9150e+03    -4.4613e+04   +3.2766e-05  |      ---           ---           ---     
n=06:                                4.0089e+07    -1.1483e+07   +1.0120e-04  |      ---           ---           ---     
