--- multipoles on reference trajectory (rz > 0) ---
effective_length:                   632.1020810152967 mm
perpendicular_grid:                 65 points in [-12.000000,+12.000000] mm
max_fitting_error_normal            0.099/6276.445 G/G
max_fitting_error_skew              332.062/332.062 G/G
r0_for_relative_multipoles          12 mm
main_monomial                       n = 0, skew:False
                                       Nn(s=0)      Integ_Nn     Nn/N0(@r0)   |    Sn(s=0)      Integ_Sn     Sn/S0(@r0)  
<multipole_order n>                    [T/m^n]      [T.m/m^n]        []       |    [T/m^n]      [T.m/m^n]        []      
n=00:                                5.3661e-01    -3.3919e-01   +1.0000e+00  |      ---           ---           ---     
n=01:                                7.3517e+00    +4.5441e+00   -1.6076e-01  |      ---           ---           ---     
n=02:                                5.0213e-01    +9.1184e-01   -3.8711e-04  |      ---           ---           ---     
n=03:                                8.1972e+01    -3.4947e+01   +1.7804e-04  |      ---           ---           ---     
n=04:                                3.7441e+03    -5.1609e+02   +3.1550e-05  |      ---           ---           ---     
n=05:                                2.6262e+05    -1.8128e+03   +1.3299e-06  |      ---           ---           ---     
n=06:                                2.2362e+07    -3.3320e+05   +2.9332e-06  |      ---           ---           ---     
