--- multipoles on reference trajectory (rz > 0) ---
effective_length:                   631.5786918918171 mm
perpendicular_grid:                 65 points in [-12.000000,+12.000000] mm
max_fitting_error_normal            0.052/6608.268 G/G
max_fitting_error_skew              346.511/346.511 G/G
r0_for_relative_multipoles          12 mm
main_monomial                       n = 0, skew:False
                                       Nn(s=0)      Integ_Nn     Nn/N0(@r0)   |    Sn(s=0)      Integ_Sn     Sn/S0(@r0)  
<multipole_order n>                    [T/m^n]      [T.m/m^n]        []       |    [T/m^n]      [T.m/m^n]        []      
n=00:                                5.6496e-01    -3.5681e-01   +1.0000e+00  |      ---           ---           ---     
n=01:                                7.7316e+00    +4.7855e+00   -1.6094e-01  |      ---           ---           ---     
n=02:                                4.5983e-01    +8.5861e-01   -3.4651e-04  |      ---           ---           ---     
n=03:                                3.9514e+01    -3.5552e+01   +1.7217e-04  |      ---           ---           ---     
n=04:                                1.4773e+03    +2.7762e+02   -1.6133e-05  |      ---           ---           ---     
n=05:                                1.6697e+04    -2.4075e+04   +1.6789e-05  |      ---           ---           ---     
n=06:                                1.1708e+07    -4.4052e+06   +3.6865e-05  |      ---           ---           ---     
