--- multipoles on reference trajectory (rz > 0) ---
effective_length:                   631.6378561323096 mm
perpendicular_grid:                 65 points in [-12.000000,+12.000000] mm
max_fitting_error_normal            0.058/6280.179 G/G
max_fitting_error_skew              343.737/343.737 G/G
r0_for_relative_multipoles          12 mm
main_monomial                       n = 0, skew:False
                                       Nn(s=0)      Integ_Nn     Nn/N0(@r0)   |    Sn(s=0)      Integ_Sn     Sn/S0(@r0)  
<multipole_order n>                    [T/m^n]      [T.m/m^n]        []       |    [T/m^n]      [T.m/m^n]        []      
n=00:                                5.3858e-01    -3.4019e-01   +1.0000e+00  |      ---           ---           ---     
n=01:                                7.3586e+00    +4.5515e+00   -1.6055e-01  |      ---           ---           ---     
n=02:                                3.0590e-01    +9.8224e-01   -4.1578e-04  |      ---           ---           ---     
n=03:                                7.0414e-02    -2.8408e+01   +1.4430e-04  |      ---           ---           ---     
n=04:                                2.6366e+03    +1.5377e+03   -9.3728e-05  |      ---           ---           ---     
n=05:                                1.0459e+05    -2.9081e+04   +2.1272e-05  |      ---           ---           ---     
n=06:                                1.2460e+07    -7.2915e+06   +6.4001e-05  |      ---           ---           ---     
