--- multipoles on reference trajectory (rz > 0) ---
effective_length:                   631.0571226118809 mm
perpendicular_grid:                 65 points in [-12.000000,+12.000000] mm
max_fitting_error_normal            0.241/4526.344 G/G
max_fitting_error_skew              10.174/10.174 G/G
r0_for_relative_multipoles          12 mm
main_monomial                       n = 0, skew:False
                                       Nn(s=0)      Integ_Nn     Nn/N0(@r0)   |    Sn(s=0)      Integ_Sn     Sn/S0(@r0)  
<multipole_order n>                    [T/m^n]      [T.m/m^n]        []       |    [T/m^n]      [T.m/m^n]        []      
n=00:                                5.6229e-01    -3.5484e-01   +1.0000e+00  |      ---           ---           ---     
n=01:                                7.7347e+00    +4.7802e+00   -1.6166e-01  |      ---           ---           ---     
n=02:                                2.1291e-02    +8.3910e-01   -3.4052e-04  |      ---           ---           ---     
n=03:                                8.4858e+01    -3.2117e+01   +1.5640e-04  |      ---           ---           ---     
n=04:                                1.0206e+04    -1.9800e+03   +1.1571e-04  |      ---           ---           ---     
n=05:                                3.0841e+05    +3.6459e+03   -2.5567e-06  |      ---           ---           ---     
n=06:                                3.4495e+07    +4.3188e+06   -3.6343e-05  |      ---           ---           ---     
