--- multipoles on reference trajectory (rz > 0) ---
effective_length:                   630.9512713706475 mm
perpendicular_grid:                 65 points in [-12.000000,+12.000000] mm
max_fitting_error_normal            0.087/6933.185 G/G
max_fitting_error_skew              372.224/372.224 G/G
r0_for_relative_multipoles          12 mm
main_monomial                       n = 0, skew:False
                                       Nn(s=0)      Integ_Nn     Nn/N0(@r0)   |    Sn(s=0)      Integ_Sn     Sn/S0(@r0)  
<multipole_order n>                    [T/m^n]      [T.m/m^n]        []       |    [T/m^n]      [T.m/m^n]        []      
n=00:                                5.9435e-01    -3.7501e-01   +1.0000e+00  |      ---           ---           ---     
n=01:                                8.1147e+00    +5.0121e+00   -1.6038e-01  |      ---           ---           ---     
n=02:                                6.0552e-01    +1.1899e+00   -4.5693e-04  |      ---           ---           ---     
n=03:                                4.2808e+01    -1.7118e+01   +7.8877e-05  |      ---           ---           ---     
n=04:                                1.1964e+04    -5.2267e+02   +2.8901e-05  |      ---           ---           ---     
n=05:                                2.7929e+05    -6.1429e+04   +4.0761e-05  |      ---           ---           ---     
n=06:                                4.5153e+07    +3.6937e+06   -2.9411e-05  |      ---           ---           ---     
