--- multipoles on reference trajectory (rz > 0) ---
effective_length:                   631.3704752285236 mm
perpendicular_grid:                 65 points in [-12.000000,+12.000000] mm
max_fitting_error_normal            0.097/6614.679 G/G
max_fitting_error_skew              349.780/349.780 G/G
r0_for_relative_multipoles          12 mm
main_monomial                       n = 0, skew:False
                                       Nn(s=0)      Integ_Nn     Nn/N0(@r0)   |    Sn(s=0)      Integ_Sn     Sn/S0(@r0)  
<multipole_order n>                    [T/m^n]      [T.m/m^n]        []       |    [T/m^n]      [T.m/m^n]        []      
n=00:                                5.6686e-01    -3.5790e-01   +1.0000e+00  |      ---           ---           ---     
n=01:                                7.7261e+00    +4.7761e+00   -1.6014e-01  |      ---           ---           ---     
n=02:                                1.0136e+00    +7.4441e-01   -2.9951e-04  |      ---           ---           ---     
n=03:                                3.1703e+01    -3.5501e+01   +1.7140e-04  |      ---           ---           ---     
n=04:                                7.9923e+03    +1.3664e+03   -7.9165e-05  |      ---           ---           ---     
n=05:                                8.2760e+04    -2.9259e+04   +2.0342e-05  |      ---           ---           ---     
n=06:                                4.6235e+07    -1.0745e+07   +8.9647e-05  |      ---           ---           ---     
