--- multipoles on reference trajectory (rz > 0) ---
effective_length:                   631.0921518028208 mm
perpendicular_grid:                 65 points in [-12.000000,+12.000000] mm
max_fitting_error_normal            0.103/6917.808 G/G
max_fitting_error_skew              373.218/373.218 G/G
r0_for_relative_multipoles          12 mm
main_monomial                       n = 0, skew:False
                                       Nn(s=0)      Integ_Nn     Nn/N0(@r0)   |    Sn(s=0)      Integ_Sn     Sn/S0(@r0)  
<multipole_order n>                    [T/m^n]      [T.m/m^n]        []       |    [T/m^n]      [T.m/m^n]        []      
n=00:                                5.9268e-01    -3.7403e-01   +1.0000e+00  |      ---           ---           ---     
n=01:                                8.1191e+00    +5.0148e+00   -1.6089e-01  |      ---           ---           ---     
n=02:                                7.6292e-02    +1.1506e+00   -4.4298e-04  |      ---           ---           ---     
n=03:                                5.8891e+01    -1.8168e+01   +8.3936e-05  |      ---           ---           ---     
n=04:                                7.1780e+03    -2.0809e+03   +1.1536e-04  |      ---           ---           ---     
n=05:                                1.1456e+05    -1.1231e+05   +7.4714e-05  |      ---           ---           ---     
n=06:                                2.1004e+07    +6.8252e+06   -5.4487e-05  |      ---           ---           ---     
