--- multipoles on reference trajectory (rz > 0) ---
effective_length:                   631.2293072537873 mm
perpendicular_grid:                 65 points in [-12.000000,+12.000000] mm
max_fitting_error_normal            0.222/5579.775 G/G
max_fitting_error_skew              10.636/10.636 G/G
r0_for_relative_multipoles          12 mm
main_monomial                       n = 0, skew:False
                                       Nn(s=0)      Integ_Nn     Nn/N0(@r0)   |    Sn(s=0)      Integ_Sn     Sn/S0(@r0)  
<multipole_order n>                    [T/m^n]      [T.m/m^n]        []       |    [T/m^n]      [T.m/m^n]        []      
n=00:                                5.4266e-01    -3.4254e-01   +1.0000e+00  |      ---           ---           ---     
n=01:                                7.4632e+00    +4.6170e+00   -1.6174e-01  |      ---           ---           ---     
n=02:                                2.1094e-02    +8.3776e-01   -3.5218e-04  |      ---           ---           ---     
n=03:                                2.9285e+01    -2.7031e+01   +1.3636e-04  |      ---           ---           ---     
n=04:                                1.3632e+04    -1.4279e+03   +8.6439e-05  |      ---           ---           ---     
n=05:                                1.1593e+05    -5.2631e+04   +3.8232e-05  |      ---           ---           ---     
n=06:                                5.9553e+07    +3.3011e+06   -2.8776e-05  |      ---           ---           ---     
