--- multipoles on reference trajectory (rz > 0) ---
effective_length:                   631.9298863394729 mm
perpendicular_grid:                 65 points in [-12.000000,+12.000000] mm
max_fitting_error_normal            0.069/4508.806 G/G
max_fitting_error_skew              332.115/332.115 G/G
r0_for_relative_multipoles          12 mm
main_monomial                       n = 0, skew:False
                                       Nn(s=0)      Integ_Nn     Nn/N0(@r0)   |    Sn(s=0)      Integ_Sn     Sn/S0(@r0)  
<multipole_order n>                    [T/m^n]      [T.m/m^n]        []       |    [T/m^n]      [T.m/m^n]        []      
n=00:                                5.3691e-01    -3.3929e-01   +1.0000e+00  |      ---           ---           ---     
n=01:                                7.3556e+00    +4.5536e+00   -1.6105e-01  |      ---           ---           ---     
n=02:                                6.1728e-01    +7.9038e-01   -3.3545e-04  |      ---           ---           ---     
n=03:                                5.9142e+01    -2.9449e+01   +1.4999e-04  |      ---           ---           ---     
n=04:                                3.4655e+03    +8.5190e+02   -5.2065e-05  |      ---           ---           ---     
n=05:                                4.6234e+05    -2.4026e+04   +1.7620e-05  |      ---           ---           ---     
n=06:                                1.7420e+07    -3.3401e+06   +2.9396e-05  |      ---           ---           ---     
