--- multipoles on reference trajectory (rz > 0) ---
effective_length:                   629.3439876564943 mm
perpendicular_grid:                 41 points in [-10.000000,+10.000000] mm
max_fitting_error_normal            0.016/4573.366 G/G
max_fitting_error_skew              0.000/0.000 G/G
r0_for_relative_multipoles          12 mm
main_monomial                       n = 0, skew:False
                                       Nn(s=0)      Integ_Nn     Nn/N0(@r0)   |    Sn(s=0)      Integ_Sn     Sn/S0(@r0)  
<multipole_order n>                    [T/m^n]      [T.m/m^n]        []       |    [T/m^n]      [T.m/m^n]        []      
n=00:                                5.6667e-01    -3.5770e-01   +1.0000e+00  |      ---           ---           ---     
n=01:                                7.8091e+00    +4.8053e+00   -1.6121e-01  |      ---           ---           ---     
n=02:                                5.3453e+00    -4.7593e-01   +1.9160e-04  |      ---           ---           ---     
n=03:                                1.9271e+02    -1.6334e+02   +7.8909e-04  |      ---           ---           ---     
n=04:                                3.0843e+03    -2.1123e+03   +1.2245e-04  |      ---           ---           ---     
n=05:                                1.9303e+04    +9.7817e+03   -6.8045e-06  |      ---           ---           ---     
n=06:                                1.1543e+06    +8.1461e+05   -6.8001e-06  |      ---           ---           ---     
