--- multipoles on reference trajectory (rz > 0) ---
effective_length:                   631.4297965272874 mm
perpendicular_grid:                 65 points in [-12.000000,+12.000000] mm
max_fitting_error_normal            0.073/5573.844 G/G
max_fitting_error_skew              333.071/333.071 G/G
r0_for_relative_multipoles          12 mm
main_monomial                       n = 0, skew:False
                                       Nn(s=0)      Integ_Nn     Nn/N0(@r0)   |    Sn(s=0)      Integ_Sn     Sn/S0(@r0)  
<multipole_order n>                    [T/m^n]      [T.m/m^n]        []       |    [T/m^n]      [T.m/m^n]        []      
n=00:                                5.3670e-01    -3.3889e-01   +1.0000e+00  |      ---           ---           ---     
n=01:                                7.3517e+00    +4.5469e+00   -1.6101e-01  |      ---           ---           ---     
n=02:                                4.9813e-01    +9.8480e-01   -4.1846e-04  |      ---           ---           ---     
n=03:                                8.2033e+01    -3.8081e+01   +1.9417e-04  |      ---           ---           ---     
n=04:                                3.7023e+03    -9.8127e+02   +6.0042e-05  |      ---           ---           ---     
n=05:                                2.6335e+05    +6.1564e+03   -4.5204e-06  |      ---           ---           ---     
n=06:                                2.2210e+07    +1.3146e+06   -1.1583e-05  |      ---           ---           ---     
