--- multipoles on reference trajectory (rz > 0) ---
effective_length:                   632.6757565319881 mm
perpendicular_grid:                 65 points in [-12.000000,+12.000000] mm
max_fitting_error_normal            0.076/6277.140 G/G
max_fitting_error_skew              331.209/331.209 G/G
r0_for_relative_multipoles          12 mm
main_monomial                       n = 0, skew:False
                                       Nn(s=0)      Integ_Nn     Nn/N0(@r0)   |    Sn(s=0)      Integ_Sn     Sn/S0(@r0)  
<multipole_order n>                    [T/m^n]      [T.m/m^n]        []       |    [T/m^n]      [T.m/m^n]        []      
n=00:                                5.3831e-01    -3.4057e-01   +1.0000e+00  |      ---           ---           ---     
n=01:                                7.3454e+00    +4.5530e+00   -1.6042e-01  |      ---           ---           ---     
n=02:                                8.7052e-01    +6.7656e-01   -2.8606e-04  |      ---           ---           ---     
n=03:                                6.1484e+01    -4.5315e+01   +2.2992e-04  |      ---           ---           ---     
n=04:                                6.2674e+03    +1.9003e+03   -1.1570e-04  |      ---           ---           ---     
n=05:                                4.9744e+05    +3.9037e+04   -2.8522e-05  |      ---           ---           ---     
n=06:                                2.4308e+07    -8.9832e+06   +7.8760e-05  |      ---           ---           ---     
