--- multipoles on reference trajectory (rz > 0) ---
effective_length:                   631.8553891363731 mm
perpendicular_grid:                 65 points in [-12.000000,+12.000000] mm
max_fitting_error_normal            0.111/6617.882 G/G
max_fitting_error_skew              345.195/345.195 G/G
r0_for_relative_multipoles          12 mm
main_monomial                       n = 0, skew:False
                                       Nn(s=0)      Integ_Nn     Nn/N0(@r0)   |    Sn(s=0)      Integ_Sn     Sn/S0(@r0)  
<multipole_order n>                    [T/m^n]      [T.m/m^n]        []       |    [T/m^n]      [T.m/m^n]        []      
n=00:                                5.6485e-01    -3.5691e-01   +1.0000e+00  |      ---           ---           ---     
n=01:                                7.7326e+00    +4.7866e+00   -1.6094e-01  |      ---           ---           ---     
n=02:                                4.1467e-01    +8.9509e-01   -3.6114e-04  |      ---           ---           ---     
n=03:                                2.2954e+01    -4.3781e+01   +2.1197e-04  |      ---           ---           ---     
n=04:                                4.2575e+03    +1.3167e+03   -7.6500e-05  |      ---           ---           ---     
n=05:                                6.2619e+04    +2.6152e+04   -1.8233e-05  |      ---           ---           ---     
n=06:                                2.9174e+07    -8.7399e+06   +7.3121e-05  |      ---           ---           ---     
