--- multipoles on reference trajectory (rz > 0) ---
effective_length:                   630.9103797934932 mm
perpendicular_grid:                 65 points in [-12.000000,+12.000000] mm
max_fitting_error_normal            0.096/5783.153 G/G
max_fitting_error_skew              365.196/365.196 G/G
r0_for_relative_multipoles          12 mm
main_monomial                       n = 0, skew:False
                                       Nn(s=0)      Integ_Nn     Nn/N0(@r0)   |    Sn(s=0)      Integ_Sn     Sn/S0(@r0)  
<multipole_order n>                    [T/m^n]      [T.m/m^n]        []       |    [T/m^n]      [T.m/m^n]        []      
n=00:                                5.9274e-01    -3.7396e-01   +1.0000e+00  |      ---           ---           ---     
n=01:                                8.1148e+00    +5.0121e+00   -1.6083e-01  |      ---           ---           ---     
n=02:                                2.4459e-01    +1.2640e+00   -4.8673e-04  |      ---           ---           ---     
n=03:                                3.4265e+01    -1.9199e+01   +8.8714e-05  |      ---           ---           ---     
n=04:                                6.1934e+03    -1.3404e+03   +7.4326e-05  |      ---           ---           ---     
n=05:                                9.3143e+04    -1.2727e+05   +8.4681e-05  |      ---           ---           ---     
n=06:                                8.3707e+06    -4.9123e+05   +3.9223e-06  |      ---           ---           ---     
