--- multipoles on reference trajectory (rz > 0) ---
effective_length:                   631.3059394571364 mm
perpendicular_grid:                 65 points in [-12.000000,+12.000000] mm
max_fitting_error_normal            0.102/4741.010 G/G
max_fitting_error_skew              355.336/355.336 G/G
r0_for_relative_multipoles          12 mm
main_monomial                       n = 0, skew:False
                                       Nn(s=0)      Integ_Nn     Nn/N0(@r0)   |    Sn(s=0)      Integ_Sn     Sn/S0(@r0)  
<multipole_order n>                    [T/m^n]      [T.m/m^n]        []       |    [T/m^n]      [T.m/m^n]        []      
n=00:                                5.6473e-01    -3.5652e-01   +1.0000e+00  |      ---           ---           ---     
n=01:                                7.7332e+00    +4.7810e+00   -1.6092e-01  |      ---           ---           ---     
n=02:                                1.6006e-01    +9.1833e-01   -3.7092e-04  |      ---           ---           ---     
n=03:                                1.5154e+01    -2.6124e+01   +1.2662e-04  |      ---           ---           ---     
n=04:                                6.7248e+03    -2.0216e+02   +1.1758e-05  |      ---           ---           ---     
n=05:                                1.4399e+05    -3.6811e+04   +2.5692e-05  |      ---           ---           ---     
n=06:                                2.0554e+07    +1.7938e+05   -1.5024e-06  |      ---           ---           ---     
