--- multipoles on reference trajectory (rz > 0) ---
effective_length:                   631.4353329402101 mm
perpendicular_grid:                 65 points in [-12.000000,+12.000000] mm
max_fitting_error_normal            0.087/4951.774 G/G
max_fitting_error_skew              367.368/367.368 G/G
r0_for_relative_multipoles          12 mm
main_monomial                       n = 0, skew:False
                                       Nn(s=0)      Integ_Nn     Nn/N0(@r0)   |    Sn(s=0)      Integ_Sn     Sn/S0(@r0)  
<multipole_order n>                    [T/m^n]      [T.m/m^n]        []       |    [T/m^n]      [T.m/m^n]        []      
n=00:                                5.9233e-01    -3.7402e-01   +1.0000e+00  |      ---           ---           ---     
n=01:                                8.1042e+00    +5.0104e+00   -1.6076e-01  |      ---           ---           ---     
n=02:                                2.8659e-01    +1.0252e+00   -3.9471e-04  |      ---           ---           ---     
n=03:                                6.1175e+01    -2.3677e+01   +1.0939e-04  |      ---           ---           ---     
n=04:                                1.5534e+03    -7.4987e+01   +4.1574e-06  |      ---           ---           ---     
n=05:                                5.0719e+05    -7.4453e+04   +4.9534e-05  |      ---           ---           ---     
n=06:                                5.7609e+06    -1.3914e+06   +1.1108e-05  |      ---           ---           ---     
