--- multipoles on reference trajectory (rz > 0) ---
effective_length:                   630.3846318557204 mm
perpendicular_grid:                 65 points in [-12.000000,+12.000000] mm
max_fitting_error_normal            0.101/4979.300 G/G
max_fitting_error_skew              365.738/365.738 G/G
r0_for_relative_multipoles          12 mm
main_monomial                       n = 0, skew:False
                                       Nn(s=0)      Integ_Nn     Nn/N0(@r0)   |    Sn(s=0)      Integ_Sn     Sn/S0(@r0)  
<multipole_order n>                    [T/m^n]      [T.m/m^n]        []       |    [T/m^n]      [T.m/m^n]        []      
n=00:                                5.9312e-01    -3.7389e-01   +1.0000e+00  |      ---           ---           ---     
n=01:                                8.1257e+00    +5.0127e+00   -1.6088e-01  |      ---           ---           ---     
n=02:                                4.3553e-01    +1.0705e+00   -4.1229e-04  |      ---           ---           ---     
n=03:                                3.4097e+01    -1.9066e+01   +8.8116e-05  |      ---           ---           ---     
n=04:                                4.7842e+03    +1.4802e+03   -8.2093e-05  |      ---           ---           ---     
n=05:                                4.2412e+05    -1.0634e+05   +7.0770e-05  |      ---           ---           ---     
n=06:                                3.7160e+06    -9.9841e+06   +7.9735e-05  |      ---           ---           ---     
