--- multipoles on reference trajectory (rz > 0) ---
effective_length:                   631.0648249571844 mm
perpendicular_grid:                 65 points in [-12.000000,+12.000000] mm
max_fitting_error_normal            0.123/6923.887 G/G
max_fitting_error_skew              374.828/374.828 G/G
r0_for_relative_multipoles          12 mm
main_monomial                       n = 0, skew:False
                                       Nn(s=0)      Integ_Nn     Nn/N0(@r0)   |    Sn(s=0)      Integ_Sn     Sn/S0(@r0)  
<multipole_order n>                    [T/m^n]      [T.m/m^n]        []       |    [T/m^n]      [T.m/m^n]        []      
n=00:                                5.9433e-01    -3.7506e-01   +1.0000e+00  |      ---           ---           ---     
n=01:                                8.1114e+00    +5.0098e+00   -1.6029e-01  |      ---           ---           ---     
n=02:                                2.8687e-01    +1.0042e+00   -3.8554e-04  |      ---           ---           ---     
n=03:                                8.3068e+00    -3.2165e+01   +1.4819e-04  |      ---           ---           ---     
n=04:                                6.0290e+03    +1.8454e+03   -1.0203e-04  |      ---           ---           ---     
n=05:                                7.0338e+04    -9.3175e+03   +6.1816e-06  |      ---           ---           ---     
n=06:                                3.8312e+07    -1.0064e+07   +8.0124e-05  |      ---           ---           ---     
