--- multipoles on reference trajectory (rz > 0) ---
effective_length:                   631.1327759500712 mm
perpendicular_grid:                 65 points in [-12.000000,+12.000000] mm
max_fitting_error_normal            0.094/4736.425 G/G
max_fitting_error_skew              348.944/348.944 G/G
r0_for_relative_multipoles          12 mm
main_monomial                       n = 0, skew:False
                                       Nn(s=0)      Integ_Nn     Nn/N0(@r0)   |    Sn(s=0)      Integ_Sn     Sn/S0(@r0)  
<multipole_order n>                    [T/m^n]      [T.m/m^n]        []       |    [T/m^n]      [T.m/m^n]        []      
n=00:                                5.6517e-01    -3.5670e-01   +1.0000e+00  |      ---           ---           ---     
n=01:                                7.7425e+00    +4.7865e+00   -1.6103e-01  |      ---           ---           ---     
n=02:                                5.5738e-01    +9.8913e-01   -3.9931e-04  |      ---           ---           ---     
n=03:                                1.3082e+01    -1.8080e+01   +8.7586e-05  |      ---           ---           ---     
n=04:                                8.2738e+03    +1.2140e+02   -7.0575e-06  |      ---           ---           ---     
n=05:                                8.2693e+04    -6.6954e+04   +4.6707e-05  |      ---           ---           ---     
n=06:                                4.7429e+07    -4.8923e+06   +4.0954e-05  |      ---           ---           ---     
