--- multipoles on reference trajectory (rz > 0) ---
effective_length:                   630.9542304389106 mm
perpendicular_grid:                 65 points in [-12.000000,+12.000000] mm
max_fitting_error_normal            0.075/4726.299 G/G
max_fitting_error_skew              352.938/352.938 G/G
r0_for_relative_multipoles          12 mm
main_monomial                       n = 0, skew:False
                                       Nn(s=0)      Integ_Nn     Nn/N0(@r0)   |    Sn(s=0)      Integ_Sn     Sn/S0(@r0)  
<multipole_order n>                    [T/m^n]      [T.m/m^n]        []       |    [T/m^n]      [T.m/m^n]        []      
n=00:                                5.6492e-01    -3.5644e-01   +1.0000e+00  |      ---           ---           ---     
n=01:                                7.7432e+00    +4.7797e+00   -1.6092e-01  |      ---           ---           ---     
n=02:                                2.8282e-01    +9.8313e-01   -3.9718e-04  |      ---           ---           ---     
n=03:                                1.9556e+01    -3.1811e+01   +1.5422e-04  |      ---           ---           ---     
n=04:                                2.8075e+03    +1.8267e+03   -1.0627e-04  |      ---           ---           ---     
n=05:                                8.7503e+04    -2.4156e+04   +1.6863e-05  |      ---           ---           ---     
n=06:                                2.0915e+07    -9.6279e+06   +8.0655e-05  |      ---           ---           ---     
