--- multipoles on reference trajectory (rz > 0) ---
effective_length:                   631.5333787243335 mm
perpendicular_grid:                 65 points in [-12.000000,+12.000000] mm
max_fitting_error_normal            0.072/4728.970 G/G
max_fitting_error_skew              346.617/346.617 G/G
r0_for_relative_multipoles          12 mm
main_monomial                       n = 0, skew:False
                                       Nn(s=0)      Integ_Nn     Nn/N0(@r0)   |    Sn(s=0)      Integ_Sn     Sn/S0(@r0)  
<multipole_order n>                    [T/m^n]      [T.m/m^n]        []       |    [T/m^n]      [T.m/m^n]        []      
n=00:                                5.6523e-01    -3.5696e-01   +1.0000e+00  |      ---           ---           ---     
n=01:                                7.7420e+00    +4.7858e+00   -1.6088e-01  |      ---           ---           ---     
n=02:                                7.9789e-01    +8.7302e-01   -3.5218e-04  |      ---           ---           ---     
n=03:                                7.1727e+01    -4.0302e+01   +1.9510e-04  |      ---           ---           ---     
n=04:                                8.3779e+03    +5.4853e+02   -3.1864e-05  |      ---           ---           ---     
n=05:                                1.2433e+05    -1.6000e+04   +1.1154e-05  |      ---           ---           ---     
n=06:                                4.5351e+07    -6.8785e+06   +5.7539e-05  |      ---           ---           ---     
