--- multipoles on reference trajectory (rz > 0) ---
effective_length:                   630.3670861518833 mm
perpendicular_grid:                 65 points in [-12.000000,+12.000000] mm
max_fitting_error_normal            0.109/4531.347 G/G
max_fitting_error_skew              333.455/333.455 G/G
r0_for_relative_multipoles          12 mm
main_monomial                       n = 0, skew:False
                                       Nn(s=0)      Integ_Nn     Nn/N0(@r0)   |    Sn(s=0)      Integ_Sn     Sn/S0(@r0)  
<multipole_order n>                    [T/m^n]      [T.m/m^n]        []       |    [T/m^n]      [T.m/m^n]        []      
n=00:                                5.3701e-01    -3.3851e-01   +1.0000e+00  |      ---           ---           ---     
n=01:                                7.3604e+00    +4.5495e+00   -1.6127e-01  |      ---           ---           ---     
n=02:                                4.9554e-01    +8.5980e-01   -3.6575e-04  |      ---           ---           ---     
n=03:                                1.8083e+01    -2.7690e+01   +1.4135e-04  |      ---           ---           ---     
n=04:                                3.0302e+03    +3.3394e+03   -2.0456e-04  |      ---           ---           ---     
n=05:                                1.6037e+05    -3.2383e+04   +2.3804e-05  |      ---           ---           ---     
n=06:                                1.6386e+07    -1.6812e+07   +1.4829e-04  |      ---           ---           ---     
