--- multipoles on reference trajectory (rz > 0) ---
effective_length:                   629.5292164995898 mm
perpendicular_grid:                 65 points in [-12.000000,+12.000000] mm
max_fitting_error_normal            0.081/4984.769 G/G
max_fitting_error_skew              374.678/374.678 G/G
r0_for_relative_multipoles          12 mm
main_monomial                       n = 0, skew:False
                                       Nn(s=0)      Integ_Nn     Nn/N0(@r0)   |    Sn(s=0)      Integ_Sn     Sn/S0(@r0)  
<multipole_order n>                    [T/m^n]      [T.m/m^n]        []       |    [T/m^n]      [T.m/m^n]        []      
n=00:                                5.9499e-01    -3.7456e-01   +1.0000e+00  |      ---           ---           ---     
n=01:                                8.1214e+00    +5.0080e+00   -1.6044e-01  |      ---           ---           ---     
n=02:                                6.5152e-01    +1.1316e+00   -4.3503e-04  |      ---           ---           ---     
n=03:                                4.5633e+01    -4.3274e+01   +1.9964e-04  |      ---           ---           ---     
n=04:                                6.6582e+03    +7.4943e+02   -4.1489e-05  |      ---           ---           ---     
n=05:                                2.4576e+04    +1.8373e+03   -1.2206e-06  |      ---           ---           ---     
n=06:                                3.7252e+07    -7.4656e+06   +5.9515e-05  |      ---           ---           ---     
