--- multipoles on reference trajectory (rz > 0) ---
effective_length:                   630.5101947227732 mm
perpendicular_grid:                 65 points in [-12.000000,+12.000000] mm
max_fitting_error_normal            0.119/4760.460 G/G
max_fitting_error_skew              345.171/345.171 G/G
r0_for_relative_multipoles          12 mm
main_monomial                       n = 0, skew:False
                                       Nn(s=0)      Integ_Nn     Nn/N0(@r0)   |    Sn(s=0)      Integ_Sn     Sn/S0(@r0)  
<multipole_order n>                    [T/m^n]      [T.m/m^n]        []       |    [T/m^n]      [T.m/m^n]        []      
n=00:                                5.6476e-01    -3.5609e-01   +1.0000e+00  |      ---           ---           ---     
n=01:                                7.7326e+00    +4.7798e+00   -1.6108e-01  |      ---           ---           ---     
n=02:                                4.1513e-01    +9.5894e-01   -3.8779e-04  |      ---           ---           ---     
n=03:                                2.3009e+01    -3.9074e+01   +1.8962e-04  |      ---           ---           ---     
n=04:                                4.2446e+03    +5.9200e+02   -3.4474e-05  |      ---           ---           ---     
n=05:                                6.2794e+04    +1.0313e+04   -7.2068e-06  |      ---           ---           ---     
n=06:                                2.9121e+07    -6.2326e+06   +5.2264e-05  |      ---           ---           ---     
