--- multipoles on reference trajectory (rz > 0) ---
effective_length:                   631.5837168530232 mm
perpendicular_grid:                 65 points in [-12.000000,+12.000000] mm
max_fitting_error_normal            0.122/4752.088 G/G
max_fitting_error_skew              351.012/351.012 G/G
r0_for_relative_multipoles          12 mm
main_monomial                       n = 0, skew:False
                                       Nn(s=0)      Integ_Nn     Nn/N0(@r0)   |    Sn(s=0)      Integ_Sn     Sn/S0(@r0)  
<multipole_order n>                    [T/m^n]      [T.m/m^n]        []       |    [T/m^n]      [T.m/m^n]        []      
n=00:                                5.6497e-01    -3.5682e-01   +1.0000e+00  |      ---           ---           ---     
n=01:                                7.7445e+00    +4.7942e+00   -1.6123e-01  |      ---           ---           ---     
n=02:                                5.7156e-01    +1.2680e+00   -5.1170e-04  |      ---           ---           ---     
n=03:                                4.4580e+01    -3.1253e+01   +1.5135e-04  |      ---           ---           ---     
n=04:                                7.4236e+03    -6.6019e+02   +3.8365e-05  |      ---           ---           ---     
n=05:                                3.4018e+04    -3.3927e+03   +2.3659e-06  |      ---           ---           ---     
n=06:                                4.0676e+07    -6.9597e+05   +5.8241e-06  |      ---           ---           ---     
