--- multipoles on reference trajectory (rz > 0) ---
effective_length:                   632.2945607909998 mm
perpendicular_grid:                 65 points in [-12.000000,+12.000000] mm
max_fitting_error_normal            0.098/6293.114 G/G
max_fitting_error_skew              337.823/337.823 G/G
r0_for_relative_multipoles          12 mm
main_monomial                       n = 0, skew:False
                                       Nn(s=0)      Integ_Nn     Nn/N0(@r0)   |    Sn(s=0)      Integ_Sn     Sn/S0(@r0)  
<multipole_order n>                    [T/m^n]      [T.m/m^n]        []       |    [T/m^n]      [T.m/m^n]        []      
n=00:                                5.3696e-01    -3.3952e-01   +1.0000e+00  |      ---           ---           ---     
n=01:                                7.3511e+00    +4.5537e+00   -1.6095e-01  |      ---           ---           ---     
n=02:                                6.5595e-01    +7.3301e-01   -3.1089e-04  |      ---           ---           ---     
n=03:                                3.9789e+01    -2.5202e+01   +1.2827e-04  |      ---           ---           ---     
n=04:                                4.3590e+03    +4.3971e+02   -2.6855e-05  |      ---           ---           ---     
n=05:                                3.4544e+05    -4.5808e+04   +3.3573e-05  |      ---           ---           ---     
n=06:                                2.5514e+07    -4.3333e+06   +3.8111e-05  |      ---           ---           ---     
