--- multipoles on reference trajectory (rz > 0) ---
effective_length:                   631.6822531641656 mm
perpendicular_grid:                 65 points in [-12.000000,+12.000000] mm
max_fitting_error_normal            0.118/6146.889 G/G
max_fitting_error_skew              382.827/382.827 G/G
r0_for_relative_multipoles          17.5 mm
main_monomial                       n = 0, skew:False
                                       Nn(s=0)      Integ_Nn     Nn/N0(@r0)   |    Sn(s=0)      Integ_Sn     Sn/S0(@r0)  
<multipole_order n>                    [T/m^n]      [T.m/m^n]        []       |    [T/m^n]      [T.m/m^n]        []      
n=00:                                5.9424e-01    -3.7537e-01   +1.0000e+00  |      ---           ---           ---     
n=01:                                8.1080e+00    +5.0134e+00   -2.3373e-01  |      ---           ---           ---     
n=02:                                9.9470e-02    +1.1197e+00   -9.1349e-04  |      ---           ---           ---     
n=03:                                2.2722e+01    -2.5220e+01   +3.6008e-04  |      ---           ---           ---     
n=04:                                7.2277e+03    -1.5410e+03   +3.8502e-04  |      ---           ---           ---     
n=05:                                9.6453e+03    -6.1814e+04   +2.7028e-04  |      ---           ---           ---     
n=06:                                2.0487e+07    +4.3167e+06   -3.3031e-04  |      ---           ---           ---     
