--- multipoles on reference trajectory (rz > 0) ---
effective_length:                   631.4851265601336 mm
perpendicular_grid:                 65 points in [-12.000000,+12.000000] mm
max_fitting_error_normal            0.136/4499.200 G/G
max_fitting_error_skew              335.363/335.363 G/G
r0_for_relative_multipoles          12 mm
main_monomial                       n = 0, skew:False
                                       Nn(s=0)      Integ_Nn     Nn/N0(@r0)   |    Sn(s=0)      Integ_Sn     Sn/S0(@r0)  
<multipole_order n>                    [T/m^n]      [T.m/m^n]        []       |    [T/m^n]      [T.m/m^n]        []      
n=00:                                5.3640e-01    -3.3873e-01   +1.0000e+00  |      ---           ---           ---     
n=01:                                7.3540e+00    +4.5479e+00   -1.6112e-01  |      ---           ---           ---     
n=02:                                9.0315e-01    +8.1619e-01   -3.4698e-04  |      ---           ---           ---     
n=03:                                2.1457e+01    -2.9498e+01   +1.5048e-04  |      ---           ---           ---     
n=04:                                1.6301e+04    +5.0812e+03   -3.1106e-04  |      ---           ---           ---     
n=05:                                2.8015e+05    -2.2392e+04   +1.6449e-05  |      ---           ---           ---     
n=06:                                8.1606e+07    -2.4495e+07   +2.1593e-04  |      ---           ---           ---     
