--- multipoles on reference trajectory (rz > 0) ---
effective_length:                   631.0949490346396 mm
perpendicular_grid:                 65 points in [-12.000000,+12.000000] mm
max_fitting_error_normal            0.059/6272.512 G/G
max_fitting_error_skew              336.011/336.011 G/G
r0_for_relative_multipoles          17.5 mm
main_monomial                       n = 0, skew:False
                                       Nn(s=0)      Integ_Nn     Nn/N0(@r0)   |    Sn(s=0)      Integ_Sn     Sn/S0(@r0)  
<multipole_order n>                    [T/m^n]      [T.m/m^n]        []       |    [T/m^n]      [T.m/m^n]        []      
n=00:                                5.3871e-01    -3.3998e-01   +1.0000e+00  |      ---           ---           ---     
n=01:                                7.3629e+00    +4.5477e+00   -2.3409e-01  |      ---           ---           ---     
n=02:                                1.1937e-01    +1.0457e+00   -9.4200e-04  |      ---           ---           ---     
n=03:                                7.8742e+00    -3.4412e+01   +5.4247e-04  |      ---           ---           ---     
n=04:                                4.5064e+03    -8.0133e+02   +2.2106e-04  |      ---           ---           ---     
n=05:                                2.8926e+05    -2.7539e+04   +1.3295e-04  |      ---           ---           ---     
n=06:                                1.8140e+07    +8.7737e+05   -7.4125e-05  |      ---           ---           ---     
