--- multipoles on reference trajectory (rz > 0) ---
effective_length:                   629.7205476009293 mm
perpendicular_grid:                 65 points in [-12.000000,+12.000000] mm
max_fitting_error_normal            0.095/6937.063 G/G
max_fitting_error_skew              378.910/378.910 G/G
r0_for_relative_multipoles          12 mm
main_monomial                       n = 0, skew:False
                                       Nn(s=0)      Integ_Nn     Nn/N0(@r0)   |    Sn(s=0)      Integ_Sn     Sn/S0(@r0)  
<multipole_order n>                    [T/m^n]      [T.m/m^n]        []       |    [T/m^n]      [T.m/m^n]        []      
n=00:                                5.9275e-01    -3.7327e-01   +1.0000e+00  |      ---           ---           ---     
n=01:                                8.1224e+00    +5.0046e+00   -1.6089e-01  |      ---           ---           ---     
n=02:                                1.9365e-01    +1.0937e+00   -4.2193e-04  |      ---           ---           ---     
n=03:                                1.0085e+01    -3.2069e+01   +1.4846e-04  |      ---           ---           ---     
n=04:                                1.8241e+03    +8.4393e+02   -4.6883e-05  |      ---           ---           ---     
n=05:                                1.0795e+05    -1.4303e+04   +9.5350e-06  |      ---           ---           ---     
n=06:                                1.1572e+07    -4.9737e+06   +3.9788e-05  |      ---           ---           ---     
