--- multipoles on reference trajectory (rz > 0) ---
effective_length:                   630.8546585515443 mm
perpendicular_grid:                 65 points in [-12.000000,+12.000000] mm
max_fitting_error_normal            0.095/5802.982 G/G
max_fitting_error_skew              366.292/366.292 G/G
r0_for_relative_multipoles          12 mm
main_monomial                       n = 0, skew:False
                                       Nn(s=0)      Integ_Nn     Nn/N0(@r0)   |    Sn(s=0)      Integ_Sn     Sn/S0(@r0)  
<multipole_order n>                    [T/m^n]      [T.m/m^n]        []       |    [T/m^n]      [T.m/m^n]        []      
n=00:                                5.9472e-01    -3.7518e-01   +1.0000e+00  |      ---           ---           ---     
n=01:                                8.1146e+00    +5.0114e+00   -1.6029e-01  |      ---           ---           ---     
n=02:                                2.5073e-01    +1.2746e+00   -4.8920e-04  |      ---           ---           ---     
n=03:                                2.5101e+01    -1.7151e+01   +7.8994e-05  |      ---           ---           ---     
n=04:                                5.6696e+03    -1.1130e+03   +6.1512e-05  |      ---           ---           ---     
n=05:                                1.2865e+05    -1.3253e+05   +8.7895e-05  |      ---           ---           ---     
n=06:                                6.1021e+06    -8.9278e+05   +7.1054e-06  |      ---           ---           ---     
