--- multipoles on reference trajectory (rz > 0) ---
effective_length:                   629.8769320147253 mm
perpendicular_grid:                 65 points in [-12.000000,+12.000000] mm
max_fitting_error_normal            0.069/4498.999 G/G
max_fitting_error_skew              331.061/331.061 G/G
r0_for_relative_multipoles          12 mm
main_monomial                       n = 0, skew:False
                                       Nn(s=0)      Integ_Nn     Nn/N0(@r0)   |    Sn(s=0)      Integ_Sn     Sn/S0(@r0)  
<multipole_order n>                    [T/m^n]      [T.m/m^n]        []       |    [T/m^n]      [T.m/m^n]        []      
n=00:                                5.3668e-01    -3.3804e-01   +1.0000e+00  |      ---           ---           ---     
n=01:                                7.3536e+00    +4.5378e+00   -1.6108e-01  |      ---           ---           ---     
n=02:                                6.7413e-01    +7.6188e-01   -3.2455e-04  |      ---           ---           ---     
n=03:                                5.5212e+01    -2.5278e+01   +1.2922e-04  |      ---           ---           ---     
n=04:                                6.5567e+03    +1.5967e+03   -9.7944e-05  |      ---           ---           ---     
n=05:                                4.2423e+05    -5.1933e+04   +3.8227e-05  |      ---           ---           ---     
n=06:                                2.7343e+07    -7.2693e+06   +6.4211e-05  |      ---           ---           ---     
