--- multipoles on reference trajectory (rz > 0) ---
effective_length:                   632.0612186093334 mm
perpendicular_grid:                 65 points in [-12.000000,+12.000000] mm
max_fitting_error_normal            0.149/6131.618 G/G
max_fitting_error_skew              369.181/369.181 G/G
r0_for_relative_multipoles          12 mm
main_monomial                       n = 0, skew:False
                                       Nn(s=0)      Integ_Nn     Nn/N0(@r0)   |    Sn(s=0)      Integ_Sn     Sn/S0(@r0)  
<multipole_order n>                    [T/m^n]      [T.m/m^n]        []       |    [T/m^n]      [T.m/m^n]        []      
n=00:                                5.9248e-01    -3.7448e-01   +1.0000e+00  |      ---           ---           ---     
n=01:                                8.1126e+00    +5.0160e+00   -1.6073e-01  |      ---           ---           ---     
n=02:                                9.8902e-01    +1.0164e+00   -3.9084e-04  |      ---           ---           ---     
n=03:                                4.8656e+01    -4.8514e+01   +2.2386e-04  |      ---           ---           ---     
n=04:                                1.4002e+04    +2.3071e+03   -1.2775e-04  |      ---           ---           ---     
n=05:                                1.0740e+05    +3.7614e+04   -2.4993e-05  |      ---           ---           ---     
n=06:                                6.9201e+07    -1.2058e+07   +9.6147e-05  |      ---           ---           ---     
