--- multipoles on reference trajectory (rz > 0) ---
effective_length:                   631.6813638439513 mm
perpendicular_grid:                 65 points in [-12.000000,+12.000000] mm
max_fitting_error_normal            0.091/6266.557 G/G
max_fitting_error_skew              336.473/336.473 G/G
r0_for_relative_multipoles          12 mm
main_monomial                       n = 0, skew:False
                                       Nn(s=0)      Integ_Nn     Nn/N0(@r0)   |    Sn(s=0)      Integ_Sn     Sn/S0(@r0)  
<multipole_order n>                    [T/m^n]      [T.m/m^n]        []       |    [T/m^n]      [T.m/m^n]        []      
n=00:                                5.3699e-01    -3.3920e-01   +1.0000e+00  |      ---           ---           ---     
n=01:                                7.3553e+00    +4.5546e+00   -1.6113e-01  |      ---           ---           ---     
n=02:                                1.2906e+00    +7.3700e-01   -3.1288e-04  |      ---           ---           ---     
n=03:                                6.4276e+01    -3.2856e+01   +1.6738e-04  |      ---           ---           ---     
n=04:                                1.0025e+04    +1.0396e+03   -6.3555e-05  |      ---           ---           ---     
n=05:                                4.3202e+05    +3.8049e+02   -2.7912e-07  |      ---           ---           ---     
n=06:                                3.2036e+07    -3.4814e+06   +3.0647e-05  |      ---           ---           ---     
