--- multipoles on reference trajectory (rz > 0) ---
effective_length:                   631.8924987657039 mm
perpendicular_grid:                 65 points in [-12.000000,+12.000000] mm
max_fitting_error_normal            0.096/4721.054 G/G
max_fitting_error_skew              357.916/357.916 G/G
r0_for_relative_multipoles          12 mm
main_monomial                       n = 0, skew:False
                                       Nn(s=0)      Integ_Nn     Nn/N0(@r0)   |    Sn(s=0)      Integ_Sn     Sn/S0(@r0)  
<multipole_order n>                    [T/m^n]      [T.m/m^n]        []       |    [T/m^n]      [T.m/m^n]        []      
n=00:                                5.6444e-01    -3.5667e-01   +1.0000e+00  |      ---           ---           ---     
n=01:                                7.7313e+00    +4.7835e+00   -1.6094e-01  |      ---           ---           ---     
n=02:                                7.7515e-01    +9.5121e-01   -3.8404e-04  |      ---           ---           ---     
n=03:                                2.4874e+01    -2.8859e+01   +1.3982e-04  |      ---           ---           ---     
n=04:                                9.0110e+03    -1.1591e+02   +6.7386e-06  |      ---           ---           ---     
n=05:                                3.1436e+04    -3.0540e+04   +2.1307e-05  |      ---           ---           ---     
n=06:                                4.9035e+07    -1.2449e+06   +1.0422e-05  |      ---           ---           ---     
