--- multipoles on reference trajectory (rz > 0) ---
effective_length:                   631.5999950517319 mm
perpendicular_grid:                 65 points in [-12.000000,+12.000000] mm
max_fitting_error_normal            0.072/4500.563 G/G
max_fitting_error_skew              332.104/332.104 G/G
r0_for_relative_multipoles          12 mm
main_monomial                       n = 0, skew:False
                                       Nn(s=0)      Integ_Nn     Nn/N0(@r0)   |    Sn(s=0)      Integ_Sn     Sn/S0(@r0)  
<multipole_order n>                    [T/m^n]      [T.m/m^n]        []       |    [T/m^n]      [T.m/m^n]        []      
n=00:                                5.3659e-01    -3.3891e-01   +1.0000e+00  |      ---           ---           ---     
n=01:                                7.3536e+00    +4.5506e+00   -1.6112e-01  |      ---           ---           ---     
n=02:                                6.6957e-01    +8.8252e-01   -3.7497e-04  |      ---           ---           ---     
n=03:                                5.5434e+01    -2.4570e+01   +1.2527e-04  |      ---           ---           ---     
n=04:                                6.4675e+03    +8.4980e+02   -5.1994e-05  |      ---           ---           ---     
n=05:                                4.2552e+05    -3.4096e+04   +2.5034e-05  |      ---           ---           ---     
n=06:                                2.6970e+07    -4.7029e+06   +4.1435e-05  |      ---           ---           ---     
