--- multipoles on reference trajectory (rz > 0) ---
effective_length:                   631.1044678954016 mm
perpendicular_grid:                 65 points in [-12.000000,+12.000000] mm
max_fitting_error_normal            0.065/4742.631 G/G
max_fitting_error_skew              352.381/352.381 G/G
r0_for_relative_multipoles          17.5 mm
main_monomial                       n = 0, skew:False
                                       Nn(s=0)      Integ_Nn     Nn/N0(@r0)   |    Sn(s=0)      Integ_Sn     Sn/S0(@r0)  
<multipole_order n>                    [T/m^n]      [T.m/m^n]        []       |    [T/m^n]      [T.m/m^n]        []      
n=00:                                5.6652e-01    -3.5753e-01   +1.0000e+00  |      ---           ---           ---     
n=01:                                7.7375e+00    +4.7815e+00   -2.3404e-01  |      ---           ---           ---     
n=02:                                1.2845e-01    +1.1912e+00   -1.0203e-03  |      ---           ---           ---     
n=03:                                5.3276e+01    -2.8407e+01   +4.2582e-04  |      ---           ---           ---     
n=04:                                2.1373e+01    -6.6339e+02   +1.7402e-04  |      ---           ---           ---     
n=05:                                4.8874e+04    -3.8952e+04   +1.7881e-04  |      ---           ---           ---     
n=06:                                1.0212e+07    -9.9705e+05   +8.0099e-05  |      ---           ---           ---     
