--- multipoles on reference trajectory (rz > 0) ---
effective_length:                   631.4112354626618 mm
perpendicular_grid:                 65 points in [-12.000000,+12.000000] mm
max_fitting_error_normal            0.118/4736.793 G/G
max_fitting_error_skew              363.721/363.721 G/G
r0_for_relative_multipoles          12 mm
main_monomial                       n = 0, skew:False
                                       Nn(s=0)      Integ_Nn     Nn/N0(@r0)   |    Sn(s=0)      Integ_Sn     Sn/S0(@r0)  
<multipole_order n>                    [T/m^n]      [T.m/m^n]        []       |    [T/m^n]      [T.m/m^n]        []      
n=00:                                5.6447e-01    -3.5641e-01   +1.0000e+00  |      ---           ---           ---     
n=01:                                7.7255e+00    +4.7748e+00   -1.6076e-01  |      ---           ---           ---     
n=02:                                4.2706e-01    +8.8389e-01   -3.5712e-04  |      ---           ---           ---     
n=03:                                7.8947e+01    -1.3886e+01   +6.7326e-05  |      ---           ---           ---     
n=04:                                5.5678e+03    +2.2553e+03   -1.3121e-04  |      ---           ---           ---     
n=05:                                6.6917e+05    -1.1908e+05   +8.3138e-05  |      ---           ---           ---     
n=06:                                3.5161e+07    -1.4218e+07   +1.1911e-04  |      ---           ---           ---     
