--- multipoles on reference trajectory (rz > 0) ---
effective_length:                   629.3866709184526 mm
perpendicular_grid:                 65 points in [-12.000000,+12.000000] mm
max_fitting_error_normal            0.076/6931.358 G/G
max_fitting_error_skew              370.714/370.714 G/G
r0_for_relative_multipoles          12 mm
main_monomial                       n = 0, skew:False
                                       Nn(s=0)      Integ_Nn     Nn/N0(@r0)   |    Sn(s=0)      Integ_Sn     Sn/S0(@r0)  
<multipole_order n>                    [T/m^n]      [T.m/m^n]        []       |    [T/m^n]      [T.m/m^n]        []      
n=00:                                5.9323e-01    -3.7337e-01   +1.0000e+00  |      ---           ---           ---     
n=01:                                8.1251e+00    +5.0065e+00   -1.6090e-01  |      ---           ---           ---     
n=02:                                4.4889e-01    +1.1270e+00   -4.3467e-04  |      ---           ---           ---     
n=03:                                7.3236e+01    -3.8339e+01   +1.7744e-04  |      ---           ---           ---     
n=04:                                6.0305e+03    -2.0951e+02   +1.1636e-05  |      ---           ---           ---     
n=05:                                2.6882e+05    +9.0356e+01   -6.0217e-08  |      ---           ---           ---     
n=06:                                3.2666e+07    -2.2163e+06   +1.7725e-05  |      ---           ---           ---     
