--- multipoles on reference trajectory (rz > 0) ---
effective_length:                   631.854515425275 mm
perpendicular_grid:                 65 points in [-12.000000,+12.000000] mm
max_fitting_error_normal            0.089/5517.999 G/G
max_fitting_error_skew              350.967/350.967 G/G
r0_for_relative_multipoles          12 mm
main_monomial                       n = 0, skew:False
                                       Nn(s=0)      Integ_Nn     Nn/N0(@r0)   |    Sn(s=0)      Integ_Sn     Sn/S0(@r0)  
<multipole_order n>                    [T/m^n]      [T.m/m^n]        []       |    [T/m^n]      [T.m/m^n]        []      
n=00:                                5.6632e-01    -3.5783e-01   +1.0000e+00  |      ---           ---           ---     
n=01:                                7.7350e+00    +4.7783e+00   -1.6024e-01  |      ---           ---           ---     
n=02:                                5.9981e-01    +9.4605e-01   -3.8071e-04  |      ---           ---           ---     
n=03:                                6.0151e+01    -4.1904e+01   +2.0235e-04  |      ---           ---           ---     
n=04:                                7.9682e+03    +9.3341e+02   -5.4090e-05  |      ---           ---           ---     
n=05:                                1.6105e+05    +3.3747e+04   -2.3467e-05  |      ---           ---           ---     
n=06:                                4.4363e+07    -7.0857e+06   +5.9127e-05  |      ---           ---           ---     
