--- multipoles on reference trajectory (rz > 0) ---
effective_length:                   631.5683968007631 mm
perpendicular_grid:                 65 points in [-12.000000,+12.000000] mm
max_fitting_error_normal            0.066/6612.914 G/G
max_fitting_error_skew              355.542/355.542 G/G
r0_for_relative_multipoles          12 mm
main_monomial                       n = 0, skew:False
                                       Nn(s=0)      Integ_Nn     Nn/N0(@r0)   |    Sn(s=0)      Integ_Sn     Sn/S0(@r0)  
<multipole_order n>                    [T/m^n]      [T.m/m^n]        []       |    [T/m^n]      [T.m/m^n]        []      
n=00:                                5.6457e-01    -3.5657e-01   +1.0000e+00  |      ---           ---           ---     
n=01:                                7.7352e+00    +4.7859e+00   -1.6107e-01  |      ---           ---           ---     
n=02:                                5.4980e-01    +1.0127e+00   -4.0899e-04  |      ---           ---           ---     
n=03:                                1.6049e+01    -2.8976e+01   +1.4043e-04  |      ---           ---           ---     
n=04:                                5.2573e+03    +6.8596e+02   -3.9892e-05  |      ---           ---           ---     
n=05:                                5.4222e+04    -3.4576e+04   +2.4129e-05  |      ---           ---           ---     
n=06:                                2.8146e+07    -4.4812e+06   +3.7527e-05  |      ---           ---           ---     
