--- multipoles on reference trajectory (rz > 0) ---
effective_length:                   631.472602473431 mm
perpendicular_grid:                 65 points in [-12.000000,+12.000000] mm
max_fitting_error_normal            0.091/6597.676 G/G
max_fitting_error_skew              348.616/348.616 G/G
r0_for_relative_multipoles          12 mm
main_monomial                       n = 0, skew:False
                                       Nn(s=0)      Integ_Nn     Nn/N0(@r0)   |    Sn(s=0)      Integ_Sn     Sn/S0(@r0)  
<multipole_order n>                    [T/m^n]      [T.m/m^n]        []       |    [T/m^n]      [T.m/m^n]        []      
n=00:                                5.6499e-01    -3.5678e-01   +1.0000e+00  |      ---           ---           ---     
n=01:                                7.7361e+00    +4.7811e+00   -1.6081e-01  |      ---           ---           ---     
n=02:                                9.4796e-01    +7.5748e-01   -3.0573e-04  |      ---           ---           ---     
n=03:                                9.2244e+01    -3.6727e+01   +1.7788e-04  |      ---           ---           ---     
n=04:                                8.4215e+03    +1.2002e+03   -6.9757e-05  |      ---           ---           ---     
n=05:                                3.3106e+05    -7.7410e+03   +5.3989e-06  |      ---           ---           ---     
n=06:                                4.4215e+07    -7.3871e+06   +6.1825e-05  |      ---           ---           ---     
