--- multipoles on reference trajectory (rz > 0) ---
effective_length:                   631.8299768590379 mm
perpendicular_grid:                 65 points in [-12.000000,+12.000000] mm
max_fitting_error_normal            0.104/6934.953 G/G
max_fitting_error_skew              372.062/372.062 G/G
r0_for_relative_multipoles          12 mm
main_monomial                       n = 0, skew:False
                                       Nn(s=0)      Integ_Nn     Nn/N0(@r0)   |    Sn(s=0)      Integ_Sn     Sn/S0(@r0)  
<multipole_order n>                    [T/m^n]      [T.m/m^n]        []       |    [T/m^n]      [T.m/m^n]        []      
n=00:                                5.9244e-01    -3.7432e-01   +1.0000e+00  |      ---           ---           ---     
n=01:                                8.1114e+00    +5.0162e+00   -1.6081e-01  |      ---           ---           ---     
n=02:                                2.9313e-01    +1.0946e+00   -4.2110e-04  |      ---           ---           ---     
n=03:                                9.1812e+00    -1.9354e+01   +8.9345e-05  |      ---           ---           ---     
n=04:                                5.9476e+03    +7.0568e+02   -3.9092e-05  |      ---           ---           ---     
n=05:                                7.5956e+04    -7.0814e+04   +4.7074e-05  |      ---           ---           ---     
n=06:                                3.8335e+07    -4.6451e+06   +3.7054e-05  |      ---           ---           ---     
