--- multipoles on reference trajectory (rz > 0) ---
effective_length:                   632.3011738241433 mm
perpendicular_grid:                 65 points in [-12.000000,+12.000000] mm
max_fitting_error_normal            0.063/4692.034 G/G
max_fitting_error_skew              347.492/347.492 G/G
r0_for_relative_multipoles          12 mm
main_monomial                       n = 0, skew:False
                                       Nn(s=0)      Integ_Nn     Nn/N0(@r0)   |    Sn(s=0)      Integ_Sn     Sn/S0(@r0)  
<multipole_order n>                    [T/m^n]      [T.m/m^n]        []       |    [T/m^n]      [T.m/m^n]        []      
n=00:                                5.6459e-01    -3.5699e-01   +1.0000e+00  |      ---           ---           ---     
n=01:                                7.7346e+00    +4.7943e+00   -1.6116e-01  |      ---           ---           ---     
n=02:                                2.4987e-01    +1.0100e+00   -4.0741e-04  |      ---           ---           ---     
n=03:                                2.6105e+01    -2.5905e+01   +1.2539e-04  |      ---           ---           ---     
n=04:                                1.5258e+03    +6.4709e+02   -3.7586e-05  |      ---           ---           ---     
n=05:                                3.9385e+04    -7.1375e+04   +4.9750e-05  |      ---           ---           ---     
n=06:                                3.7765e+06    -4.7317e+06   +3.9577e-05  |      ---           ---           ---     
