--- multipoles on reference trajectory (rz > 0) ---
effective_length:                   631.2695906507287 mm
perpendicular_grid:                 65 points in [-12.000000,+12.000000] mm
max_fitting_error_normal            0.102/4505.358 G/G
max_fitting_error_skew              333.075/333.075 G/G
r0_for_relative_multipoles          17.5 mm
main_monomial                       n = 0, skew:False
                                       Nn(s=0)      Integ_Nn     Nn/N0(@r0)   |    Sn(s=0)      Integ_Sn     Sn/S0(@r0)  
<multipole_order n>                    [T/m^n]      [T.m/m^n]        []       |    [T/m^n]      [T.m/m^n]        []      
n=00:                                5.3821e-01    -3.3976e-01   +1.0000e+00  |      ---           ---           ---     
n=01:                                7.3515e+00    +4.5420e+00   -2.3395e-01  |      ---           ---           ---     
n=02:                                5.1714e-01    +7.7717e-01   -7.0052e-04  |      ---           ---           ---     
n=03:                                7.0817e+01    -8.6681e+00   +1.3673e-04  |      ---           ---           ---     
n=04:                                6.4448e+03    +2.7686e+03   -7.6426e-04  |      ---           ---           ---     
n=05:                                4.7548e+05    -9.2375e+04   +4.4625e-04  |      ---           ---           ---     
n=06:                                2.8556e+07    -1.2586e+07   +1.0640e-03  |      ---           ---           ---     
