--- multipoles on reference trajectory (rz > 0) ---
effective_length:                   629.8762446254511 mm
perpendicular_grid:                 65 points in [-12.000000,+12.000000] mm
max_fitting_error_normal            0.095/4756.991 G/G
max_fitting_error_skew              348.204/348.204 G/G
r0_for_relative_multipoles          12 mm
main_monomial                       n = 0, skew:False
                                       Nn(s=0)      Integ_Nn     Nn/N0(@r0)   |    Sn(s=0)      Integ_Sn     Sn/S0(@r0)  
<multipole_order n>                    [T/m^n]      [T.m/m^n]        []       |    [T/m^n]      [T.m/m^n]        []      
n=00:                                5.6703e-01    -3.5716e-01   +1.0000e+00  |      ---           ---           ---     
n=01:                                7.7422e+00    +4.7770e+00   -1.6050e-01  |      ---           ---           ---     
n=02:                                7.4628e-01    +9.3515e-01   -3.7704e-04  |      ---           ---           ---     
n=03:                                7.4073e+01    -4.4986e+01   +2.1765e-04  |      ---           ---           ---     
n=04:                                8.2035e+03    +1.8183e+02   -1.0557e-05  |      ---           ---           ---     
n=05:                                1.4767e+05    +2.9372e+04   -2.0463e-05  |      ---           ---           ---     
n=06:                                4.5257e+07    -3.3189e+06   +2.7747e-05  |      ---           ---           ---     
