--- multipoles on reference trajectory (rz > 0) ---
effective_length:                   630.9433748563856 mm
perpendicular_grid:                 65 points in [-12.000000,+12.000000] mm
max_fitting_error_normal            0.067/5274.650 G/G
max_fitting_error_skew              330.238/330.238 G/G
r0_for_relative_multipoles          12 mm
main_monomial                       n = 0, skew:False
                                       Nn(s=0)      Integ_Nn     Nn/N0(@r0)   |    Sn(s=0)      Integ_Sn     Sn/S0(@r0)  
<multipole_order n>                    [T/m^n]      [T.m/m^n]        []       |    [T/m^n]      [T.m/m^n]        []      
n=00:                                5.3757e-01    -3.3917e-01   +1.0000e+00  |      ---           ---           ---     
n=01:                                7.3641e+00    +4.5555e+00   -1.6117e-01  |      ---           ---           ---     
n=02:                                9.3242e-02    +9.4596e-01   -4.0162e-04  |      ---           ---           ---     
n=03:                                7.0802e+00    -3.3939e+01   +1.7291e-04  |      ---           ---           ---     
n=04:                                4.1162e+03    -2.1578e+02   +1.3192e-05  |      ---           ---           ---     
n=05:                                8.8692e+04    +1.8776e+03   -1.3775e-06  |      ---           ---           ---     
n=06:                                1.6632e+07    -1.2187e+06   +1.0729e-05  |      ---           ---           ---     
