--- multipoles on reference trajectory (rz > 0) ---
effective_length:                   631.4881312629846 mm
perpendicular_grid:                 65 points in [-12.000000,+12.000000] mm
max_fitting_error_normal            0.124/4766.028 G/G
max_fitting_error_skew              349.049/349.049 G/G
r0_for_relative_multipoles          12 mm
main_monomial                       n = 0, skew:False
                                       Nn(s=0)      Integ_Nn     Nn/N0(@r0)   |    Sn(s=0)      Integ_Sn     Sn/S0(@r0)  
<multipole_order n>                    [T/m^n]      [T.m/m^n]        []       |    [T/m^n]      [T.m/m^n]        []      
n=00:                                5.6652e-01    -3.5775e-01   +1.0000e+00  |      ---           ---           ---     
n=01:                                7.7339e+00    +4.7807e+00   -1.6036e-01  |      ---           ---           ---     
n=02:                                6.8755e-01    +6.6826e-01   -2.6898e-04  |      ---           ---           ---     
n=03:                                2.1771e+01    -4.1963e+01   +2.0269e-04  |      ---           ---           ---     
n=04:                                1.7426e+03    -5.2077e+02   +3.0185e-05  |      ---           ---           ---     
n=05:                                1.1602e+05    -1.6049e+04   +1.1163e-05  |      ---           ---           ---     
n=06:                                4.5283e+05    +3.0654e+05   -2.5585e-06  |      ---           ---           ---     
