--- multipoles on reference trajectory (rz > 0) ---
effective_length:                   631.4431812770838 mm
perpendicular_grid:                 65 points in [-12.000000,+12.000000] mm
max_fitting_error_normal            0.088/4523.843 G/G
max_fitting_error_skew              338.693/338.693 G/G
r0_for_relative_multipoles          17.5 mm
main_monomial                       n = 0, skew:False
                                       Nn(s=0)      Integ_Nn     Nn/N0(@r0)   |    Sn(s=0)      Integ_Sn     Sn/S0(@r0)  
<multipole_order n>                    [T/m^n]      [T.m/m^n]        []       |    [T/m^n]      [T.m/m^n]        []      
n=00:                                5.3818e-01    -3.3983e-01   +1.0000e+00  |      ---           ---           ---     
n=01:                                7.3458e+00    +4.5426e+00   -2.3393e-01  |      ---           ---           ---     
n=02:                                1.6695e-01    +7.0103e-01   -6.3177e-04  |      ---           ---           ---     
n=03:                                5.9286e+01    -6.6135e+00   +1.0430e-04  |      ---           ---           ---     
n=04:                                9.4376e+02    +2.4376e+03   -6.7274e-04  |      ---           ---           ---     
n=05:                                4.1209e+05    -1.4669e+05   +7.0847e-04  |      ---           ---           ---     
n=06:                                1.4837e+07    -1.0227e+07   +8.6441e-04  |      ---           ---           ---     
