--- multipoles on reference trajectory (rz > 0) ---
effective_length:                   630.7015309147249 mm
perpendicular_grid:                 65 points in [-12.000000,+12.000000] mm
max_fitting_error_normal            0.080/4530.545 G/G
max_fitting_error_skew              327.707/327.707 G/G
r0_for_relative_multipoles          12 mm
main_monomial                       n = 0, skew:False
                                       Nn(s=0)      Integ_Nn     Nn/N0(@r0)   |    Sn(s=0)      Integ_Sn     Sn/S0(@r0)  
<multipole_order n>                    [T/m^n]      [T.m/m^n]        []       |    [T/m^n]      [T.m/m^n]        []      
n=00:                                5.3683e-01    -3.3858e-01   +1.0000e+00  |      ---           ---           ---     
n=01:                                7.3525e+00    +4.5471e+00   -1.6116e-01  |      ---           ---           ---     
n=02:                                2.1795e-02    +7.7891e-01   -3.3128e-04  |      ---           ---           ---     
n=03:                                3.3419e+01    -2.6364e+01   +1.3455e-04  |      ---           ---           ---     
n=04:                                2.8252e+03    +1.6004e+03   -9.8015e-05  |      ---           ---           ---     
n=05:                                1.3628e+04    -5.9980e+04   +4.4081e-05  |      ---           ---           ---     
n=06:                                3.7192e+04    -1.0054e+07   +8.8670e-05  |      ---           ---           ---     
