--- multipoles on reference trajectory (rz > 0) ---
effective_length:                   630.8285114280711 mm
perpendicular_grid:                 65 points in [-12.000000,+12.000000] mm
max_fitting_error_normal            0.133/4975.419 G/G
max_fitting_error_skew              366.922/366.922 G/G
r0_for_relative_multipoles          12 mm
main_monomial                       n = 0, skew:False
                                       Nn(s=0)      Integ_Nn     Nn/N0(@r0)   |    Sn(s=0)      Integ_Sn     Sn/S0(@r0)  
<multipole_order n>                    [T/m^n]      [T.m/m^n]        []       |    [T/m^n]      [T.m/m^n]        []      
n=00:                                5.9303e-01    -3.7410e-01   +1.0000e+00  |      ---           ---           ---     
n=01:                                8.1173e+00    +5.0142e+00   -1.6084e-01  |      ---           ---           ---     
n=02:                                1.0104e+00    +9.8960e-01   -3.8092e-04  |      ---           ---           ---     
n=03:                                1.3670e+01    -5.1696e+01   +2.3879e-04  |      ---           ---           ---     
n=04:                                6.0424e+03    +1.2788e+03   -7.0884e-05  |      ---           ---           ---     
n=05:                                3.8837e+05    +1.8726e+04   -1.2456e-05  |      ---           ---           ---     
n=06:                                2.7991e+07    -8.0610e+06   +6.4341e-05  |      ---           ---           ---     
