--- multipoles on reference trajectory (rz > 0) ---
effective_length:                   630.1453074916888 mm
perpendicular_grid:                 65 points in [-12.000000,+12.000000] mm
max_fitting_error_normal            0.124/4748.175 G/G
max_fitting_error_skew              348.073/348.073 G/G
r0_for_relative_multipoles          12 mm
main_monomial                       n = 0, skew:False
                                       Nn(s=0)      Integ_Nn     Nn/N0(@r0)   |    Sn(s=0)      Integ_Sn     Sn/S0(@r0)  
<multipole_order n>                    [T/m^n]      [T.m/m^n]        []       |    [T/m^n]      [T.m/m^n]        []      
n=00:                                5.6472e-01    -3.5585e-01   +1.0000e+00  |      ---           ---           ---     
n=01:                                7.7336e+00    +4.7707e+00   -1.6088e-01  |      ---           ---           ---     
n=02:                                7.0099e-01    +6.2503e-01   -2.5292e-04  |      ---           ---           ---     
n=03:                                2.6296e+01    -4.2634e+01   +2.0703e-04  |      ---           ---           ---     
n=04:                                1.9487e+03    -3.4545e+02   +2.0129e-05  |      ---           ---           ---     
n=05:                                9.5492e+04    -1.3510e+04   +9.4469e-06  |      ---           ---           ---     
n=06:                                3.1696e+04    -8.2691e+05   +6.9386e-06  |      ---           ---           ---     
