--- multipoles on reference trajectory (rz > 0) ---
effective_length:                   631.625839054438 mm
perpendicular_grid:                 65 points in [-12.000000,+12.000000] mm
max_fitting_error_normal            0.091/4971.355 G/G
max_fitting_error_skew              377.147/377.147 G/G
r0_for_relative_multipoles          17.5 mm
main_monomial                       n = 0, skew:False
                                       Nn(s=0)      Integ_Nn     Nn/N0(@r0)   |    Sn(s=0)      Integ_Sn     Sn/S0(@r0)  
<multipole_order n>                    [T/m^n]      [T.m/m^n]        []       |    [T/m^n]      [T.m/m^n]        []      
n=00:                                5.9434e-01    -3.7540e-01   +1.0000e+00  |      ---           ---           ---     
n=01:                                8.1171e+00    +5.0166e+00   -2.3386e-01  |      ---           ---           ---     
n=02:                                8.4745e-01    +1.3737e+00   -1.1206e-03  |      ---           ---           ---     
n=03:                                1.2140e+02    -2.9239e+01   +4.1743e-04  |      ---           ---           ---     
n=04:                                1.4008e+04    -3.9396e+03   +9.8426e-04  |      ---           ---           ---     
n=05:                                5.2108e+05    -3.4685e+04   +1.5165e-04  |      ---           ---           ---     
n=06:                                4.3848e+07    +1.4026e+07   -1.0732e-03  |      ---           ---           ---     
