--- multipoles on reference trajectory (rz > 0) ---
effective_length:                   631.2571527397981 mm
perpendicular_grid:                 65 points in [-12.000000,+12.000000] mm
max_fitting_error_normal            0.091/6128.151 G/G
max_fitting_error_skew              366.753/366.753 G/G
r0_for_relative_multipoles          17.5 mm
main_monomial                       n = 0, skew:False
                                       Nn(s=0)      Integ_Nn     Nn/N0(@r0)   |    Sn(s=0)      Integ_Sn     Sn/S0(@r0)  
<multipole_order n>                    [T/m^n]      [T.m/m^n]        []       |    [T/m^n]      [T.m/m^n]        []      
n=00:                                5.9460e-01    -3.7534e-01   +1.0000e+00  |      ---           ---           ---     
n=01:                                8.1112e+00    +5.0104e+00   -2.3361e-01  |      ---           ---           ---     
n=02:                                3.1879e-02    +1.0084e+00   -8.2277e-04  |      ---           ---           ---     
n=03:                                1.3198e+01    -2.8399e+01   +4.0549e-04  |      ---           ---           ---     
n=04:                                6.6229e+03    -1.5103e+03   +3.7739e-04  |      ---           ---           ---     
n=05:                                3.7898e+05    -1.0742e+05   +4.6974e-04  |      ---           ---           ---     
n=06:                                1.5784e+07    +2.6886e+05   -2.0575e-05  |      ---           ---           ---     
