--- multipoles on reference trajectory (rz > 0) ---
effective_length:                   630.5365126284173 mm
perpendicular_grid:                 65 points in [-12.000000,+12.000000] mm
max_fitting_error_normal            0.069/4508.796 G/G
max_fitting_error_skew              332.115/332.115 G/G
r0_for_relative_multipoles          12 mm
main_monomial                       n = 0, skew:False
                                       Nn(s=0)      Integ_Nn     Nn/N0(@r0)   |    Sn(s=0)      Integ_Sn     Sn/S0(@r0)  
<multipole_order n>                    [T/m^n]      [T.m/m^n]        []       |    [T/m^n]      [T.m/m^n]        []      
n=00:                                5.3691e-01    -3.3854e-01   +1.0000e+00  |      ---           ---           ---     
n=01:                                7.3556e+00    +4.5438e+00   -1.6106e-01  |      ---           ---           ---     
n=02:                                6.1728e-01    +7.8448e-01   -3.3368e-04  |      ---           ---           ---     
n=03:                                5.9142e+01    -2.9377e+01   +1.4995e-04  |      ---           ---           ---     
n=04:                                3.4655e+03    +8.4641e+02   -5.1844e-05  |      ---           ---           ---     
n=05:                                4.6234e+05    -2.3890e+04   +1.7560e-05  |      ---           ---           ---     
n=06:                                1.7420e+07    -3.3258e+06   +2.9334e-05  |      ---           ---           ---     
