--- multipoles on reference trajectory (rz > 0) ---
effective_length:                   631.1473968396143 mm
perpendicular_grid:                 65 points in [-12.000000,+12.000000] mm
max_fitting_error_normal            0.057/6254.503 G/G
max_fitting_error_skew              335.054/335.054 G/G
r0_for_relative_multipoles          12 mm
main_monomial                       n = 0, skew:False
                                       Nn(s=0)      Integ_Nn     Nn/N0(@r0)   |    Sn(s=0)      Integ_Sn     Sn/S0(@r0)  
<multipole_order n>                    [T/m^n]      [T.m/m^n]        []       |    [T/m^n]      [T.m/m^n]        []      
n=00:                                5.3690e-01    -3.3887e-01   +1.0000e+00  |      ---           ---           ---     
n=01:                                7.3628e+00    +4.5483e+00   -1.6107e-01  |      ---           ---           ---     
n=02:                                6.9691e-02    +1.0241e+00   -4.3517e-04  |      ---           ---           ---     
n=03:                                4.5821e+00    -3.5104e+01   +1.7901e-04  |      ---           ---           ---     
n=04:                                5.9658e+03    -9.3067e+02   +5.6950e-05  |      ---           ---           ---     
n=05:                                2.7148e+05    -2.7011e+04   +1.9834e-05  |      ---           ---           ---     
n=06:                                2.4666e+07    +1.4381e+06   -1.2672e-05  |      ---           ---           ---     
