--- multipoles on reference trajectory (rz > 0) ---
effective_length:                   631.2495889114117 mm
perpendicular_grid:                 65 points in [-12.000000,+12.000000] mm
max_fitting_error_normal            0.061/4757.154 G/G
max_fitting_error_skew              356.265/356.265 G/G
r0_for_relative_multipoles          12 mm
main_monomial                       n = 0, skew:False
                                       Nn(s=0)      Integ_Nn     Nn/N0(@r0)   |    Sn(s=0)      Integ_Sn     Sn/S0(@r0)  
<multipole_order n>                    [T/m^n]      [T.m/m^n]        []       |    [T/m^n]      [T.m/m^n]        []      
n=00:                                5.6654e-01    -3.5763e-01   +1.0000e+00  |      ---           ---           ---     
n=01:                                7.7331e+00    +4.7806e+00   -1.6041e-01  |      ---           ---           ---     
n=02:                                1.5152e-01    +9.5213e-01   -3.8338e-04  |      ---           ---           ---     
n=03:                                2.1492e+01    -1.6010e+01   +7.7357e-05  |      ---           ---           ---     
n=04:                                6.6455e+03    +5.5261e+02   -3.2041e-05  |      ---           ---           ---     
n=05:                                1.7393e+05    -8.6105e+04   +5.9911e-05  |      ---           ---           ---     
n=06:                                2.1173e+07    -4.1016e+06   +3.4246e-05  |      ---           ---           ---     
