--- multipoles on reference trajectory (rz > 0) ---
effective_length:                   631.9439839848528 mm
perpendicular_grid:                 65 points in [-12.000000,+12.000000] mm
max_fitting_error_normal            0.118/4740.188 G/G
max_fitting_error_skew              363.328/363.328 G/G
r0_for_relative_multipoles          12 mm
main_monomial                       n = 0, skew:False
                                       Nn(s=0)      Integ_Nn     Nn/N0(@r0)   |    Sn(s=0)      Integ_Sn     Sn/S0(@r0)  
<multipole_order n>                    [T/m^n]      [T.m/m^n]        []       |    [T/m^n]      [T.m/m^n]        []      
n=00:                                5.6437e-01    -3.5665e-01   +1.0000e+00  |      ---           ---           ---     
n=01:                                7.7255e+00    +4.7806e+00   -1.6085e-01  |      ---           ---           ---     
n=02:                                4.1961e-01    +1.0392e+00   -4.1959e-04  |      ---           ---           ---     
n=03:                                7.8994e+01    -1.7026e+01   +8.2491e-05  |      ---           ---           ---     
n=04:                                5.4135e+03    +8.8444e+02   -5.1422e-05  |      ---           ---           ---     
n=05:                                6.7008e+05    -9.7982e+04   +6.8360e-05  |      ---           ---           ---     
n=06:                                3.4494e+07    -9.1300e+06   +7.6438e-05  |      ---           ---           ---     
