--- multipoles on reference trajectory (rz > 0) ---
effective_length:                   631.5466724011968 mm
perpendicular_grid:                 65 points in [-12.000000,+12.000000] mm
max_fitting_error_normal            0.060/6931.906 G/G
max_fitting_error_skew              367.508/367.508 G/G
r0_for_relative_multipoles          12 mm
main_monomial                       n = 0, skew:False
                                       Nn(s=0)      Integ_Nn     Nn/N0(@r0)   |    Sn(s=0)      Integ_Sn     Sn/S0(@r0)  
<multipole_order n>                    [T/m^n]      [T.m/m^n]        []       |    [T/m^n]      [T.m/m^n]        []      
n=00:                                5.9290e-01    -3.7444e-01   +1.0000e+00  |      ---           ---           ---     
n=01:                                8.1198e+00    +5.0196e+00   -1.6087e-01  |      ---           ---           ---     
n=02:                                3.0778e-01    +1.1321e+00   -4.3538e-04  |      ---           ---           ---     
n=03:                                4.2664e+01    -2.5893e+01   +1.1949e-04  |      ---           ---           ---     
n=04:                                1.0199e+04    -1.3156e+03   +7.2858e-05  |      ---           ---           ---     
n=05:                                7.8497e+04    -7.3378e+04   +4.8762e-05  |      ---           ---           ---     
n=06:                                3.6522e+07    +4.3288e+06   -3.4520e-05  |      ---           ---           ---     
