--- multipoles on reference trajectory (rz > 0) ---
effective_length:                   632.4876731033496 mm
perpendicular_grid:                 65 points in [-12.000000,+12.000000] mm
max_fitting_error_normal            0.089/4487.263 G/G
max_fitting_error_skew              342.355/342.355 G/G
r0_for_relative_multipoles          12 mm
main_monomial                       n = 0, skew:False
                                       Nn(s=0)      Integ_Nn     Nn/N0(@r0)   |    Sn(s=0)      Integ_Sn     Sn/S0(@r0)  
<multipole_order n>                    [T/m^n]      [T.m/m^n]        []       |    [T/m^n]      [T.m/m^n]        []      
n=00:                                5.3665e-01    -3.3942e-01   +1.0000e+00  |      ---           ---           ---     
n=01:                                7.3479e+00    +4.5510e+00   -1.6090e-01  |      ---           ---           ---     
n=02:                                7.9828e-01    +8.1478e-01   -3.4567e-04  |      ---           ---           ---     
n=03:                                1.2756e+01    -3.2625e+01   +1.6609e-04  |      ---           ---           ---     
n=04:                                6.2161e+03    +1.6816e+03   -1.0273e-04  |      ---           ---           ---     
n=05:                                2.1075e+05    -4.0495e+04   +2.9687e-05  |      ---           ---           ---     
n=06:                                3.9984e+07    -1.1824e+07   +1.0402e-04  |      ---           ---           ---     
