--- multipoles on reference trajectory (rz > 0) ---
effective_length:                   631.1672717654143 mm
perpendicular_grid:                 65 points in [-12.000000,+12.000000] mm
max_fitting_error_normal            0.107/6934.640 G/G
max_fitting_error_skew              368.775/368.775 G/G
r0_for_relative_multipoles          12 mm
main_monomial                       n = 0, skew:False
                                       Nn(s=0)      Integ_Nn     Nn/N0(@r0)   |    Sn(s=0)      Integ_Sn     Sn/S0(@r0)  
<multipole_order n>                    [T/m^n]      [T.m/m^n]        []       |    [T/m^n]      [T.m/m^n]        []      
n=00:                                5.9460e-01    -3.7529e-01   +1.0000e+00  |      ---           ---           ---     
n=01:                                8.1209e+00    +5.0173e+00   -1.6043e-01  |      ---           ---           ---     
n=02:                                2.2449e-02    +1.2797e+00   -4.9104e-04  |      ---           ---           ---     
n=03:                                2.6805e+01    -1.6024e+01   +7.3781e-05  |      ---           ---           ---     
n=04:                                3.9143e+03    -1.6088e+03   +8.8892e-05  |      ---           ---           ---     
n=05:                                4.3962e+04    -1.2969e+05   +8.5991e-05  |      ---           ---           ---     
n=06:                                9.5690e+06    +5.9484e+06   -4.7328e-05  |      ---           ---           ---     
