--- multipoles on reference trajectory (rz > 0) ---
effective_length:                   631.2541572653079 mm
perpendicular_grid:                 65 points in [-12.000000,+12.000000] mm
max_fitting_error_normal            0.058/4958.713 G/G
max_fitting_error_skew              364.102/364.102 G/G
r0_for_relative_multipoles          12 mm
main_monomial                       n = 0, skew:False
                                       Nn(s=0)      Integ_Nn     Nn/N0(@r0)   |    Sn(s=0)      Integ_Sn     Sn/S0(@r0)  
<multipole_order n>                    [T/m^n]      [T.m/m^n]        []       |    [T/m^n]      [T.m/m^n]        []      
n=00:                                5.9295e-01    -3.7430e-01   +1.0000e+00  |      ---           ---           ---     
n=01:                                8.1235e+00    +5.0202e+00   -1.6095e-01  |      ---           ---           ---     
n=02:                                8.8619e-01    +9.6822e-01   -3.7249e-04  |      ---           ---           ---     
n=03:                                4.0374e-01    -4.8621e+01   +2.2446e-04  |      ---           ---           ---     
n=04:                                4.4714e+03    +1.4927e+03   -8.2694e-05  |      ---           ---           ---     
n=05:                                2.6803e+05    -1.1340e+04   +7.5387e-06  |      ---           ---           ---     
n=06:                                1.4379e+07    -7.1911e+06   +5.7366e-05  |      ---           ---           ---     
