--- multipoles on reference trajectory (rz > 0) ---
effective_length:                   630.7252938259661 mm
perpendicular_grid:                 65 points in [-12.000000,+12.000000] mm
max_fitting_error_normal            0.116/6914.284 G/G
max_fitting_error_skew              371.039/371.039 G/G
r0_for_relative_multipoles          12 mm
main_monomial                       n = 0, skew:False
                                       Nn(s=0)      Integ_Nn     Nn/N0(@r0)   |    Sn(s=0)      Integ_Sn     Sn/S0(@r0)  
<multipole_order n>                    [T/m^n]      [T.m/m^n]        []       |    [T/m^n]      [T.m/m^n]        []      
n=00:                                5.9300e-01    -3.7402e-01   +1.0000e+00  |      ---           ---           ---     
n=01:                                8.1241e+00    +5.0114e+00   -1.6078e-01  |      ---           ---           ---     
n=02:                                3.7848e-01    +1.0904e+00   -4.1980e-04  |      ---           ---           ---     
n=03:                                4.1998e+01    -1.9087e+01   +8.8181e-05  |      ---           ---           ---     
n=04:                                8.2021e+03    +1.4497e+03   -8.0372e-05  |      ---           ---           ---     
n=05:                                4.3208e+04    -9.3623e+04   +6.2286e-05  |      ---           ---           ---     
n=06:                                2.3180e+07    -8.5389e+06   +6.8170e-05  |      ---           ---           ---     
