--- multipoles on reference trajectory (rz > 0) ---
effective_length:                   631.4933474373876 mm
perpendicular_grid:                 65 points in [-12.000000,+12.000000] mm
max_fitting_error_normal            0.109/4740.424 G/G
max_fitting_error_skew              361.128/361.128 G/G
r0_for_relative_multipoles          12 mm
main_monomial                       n = 0, skew:False
                                       Nn(s=0)      Integ_Nn     Nn/N0(@r0)   |    Sn(s=0)      Integ_Sn     Sn/S0(@r0)  
<multipole_order n>                    [T/m^n]      [T.m/m^n]        []       |    [T/m^n]      [T.m/m^n]        []      
n=00:                                5.6486e-01    -3.5670e-01   +1.0000e+00  |      ---           ---           ---     
n=01:                                7.7410e+00    +4.7857e+00   -1.6100e-01  |      ---           ---           ---     
n=02:                                1.7703e-01    +1.1473e+00   -4.6317e-04  |      ---           ---           ---     
n=03:                                2.7047e+00    -2.5602e+01   +1.2402e-04  |      ---           ---           ---     
n=04:                                3.7236e+03    +5.0209e+02   -2.9188e-05  |      ---           ---           ---     
n=05:                                1.1499e+05    -2.6423e+03   +1.8432e-06  |      ---           ---           ---     
n=06:                                2.0644e+07    -5.8746e+06   +4.9176e-05  |      ---           ---           ---     
