--- multipoles on reference trajectory (rz > 0) ---
effective_length:                   632.3062391082669 mm
perpendicular_grid:                 65 points in [-12.000000,+12.000000] mm
max_fitting_error_normal            0.087/4727.639 G/G
max_fitting_error_skew              350.840/350.840 G/G
r0_for_relative_multipoles          12 mm
main_monomial                       n = 0, skew:False
                                       Nn(s=0)      Integ_Nn     Nn/N0(@r0)   |    Sn(s=0)      Integ_Sn     Sn/S0(@r0)  
<multipole_order n>                    [T/m^n]      [T.m/m^n]        []       |    [T/m^n]      [T.m/m^n]        []      
n=00:                                5.6487e-01    -3.5717e-01   +1.0000e+00  |      ---           ---           ---     
n=01:                                7.7421e+00    +4.7888e+00   -1.6089e-01  |      ---           ---           ---     
n=02:                                3.3299e-02    +9.5523e-01   -3.8512e-04  |      ---           ---           ---     
n=03:                                3.2259e+01    -3.0744e+01   +1.4874e-04  |      ---           ---           ---     
n=04:                                2.0677e+03    -7.1136e+02   +4.1299e-05  |      ---           ---           ---     
n=05:                                3.4201e+04    -5.8713e+04   +4.0904e-05  |      ---           ---           ---     
n=06:                                2.6598e+06    -7.0090e+05   +5.8595e-06  |      ---           ---           ---     
