--- multipoles on reference trajectory (rz > 0) ---
effective_length:                   630.1253020524422 mm
perpendicular_grid:                 65 points in [-12.000000,+12.000000] mm
max_fitting_error_normal            0.090/4506.829 G/G
max_fitting_error_skew              337.795/337.795 G/G
r0_for_relative_multipoles          12 mm
main_monomial                       n = 0, skew:False
                                       Nn(s=0)      Integ_Nn     Nn/N0(@r0)   |    Sn(s=0)      Integ_Sn     Sn/S0(@r0)  
<multipole_order n>                    [T/m^n]      [T.m/m^n]        []       |    [T/m^n]      [T.m/m^n]        []      
n=00:                                5.3646e-01    -3.3804e-01   +1.0000e+00  |      ---           ---           ---     
n=01:                                7.3458e+00    +4.5332e+00   -1.6092e-01  |      ---           ---           ---     
n=02:                                9.3025e-02    +7.0179e-01   -2.9895e-04  |      ---           ---           ---     
n=03:                                5.5428e+01    -5.2908e+00   +2.7046e-05  |      ---           ---           ---     
n=04:                                3.6551e+02    +1.9947e+03   -1.2236e-04  |      ---           ---           ---     
n=05:                                3.9876e+05    -1.5394e+05   +1.1332e-04  |      ---           ---           ---     
n=06:                                9.9430e+06    -8.6706e+06   +7.6589e-05  |      ---           ---           ---     
