--- multipoles on reference trajectory (rz > 0) ---
effective_length:                   629.9310569504182 mm
perpendicular_grid:                 65 points in [-12.000000,+12.000000] mm
max_fitting_error_normal            0.093/4637.029 G/G
max_fitting_error_skew              348.042/348.042 G/G
r0_for_relative_multipoles          12 mm
main_monomial                       n = 0, skew:False
                                       Nn(s=0)      Integ_Nn     Nn/N0(@r0)   |    Sn(s=0)      Integ_Sn     Sn/S0(@r0)  
<multipole_order n>                    [T/m^n]      [T.m/m^n]        []       |    [T/m^n]      [T.m/m^n]        []      
n=00:                                5.6503e-01    -3.5593e-01   +1.0000e+00  |      ---           ---           ---     
n=01:                                7.7422e+00    +4.7799e+00   -1.6115e-01  |      ---           ---           ---     
n=02:                                5.3468e-01    +8.9751e-01   -3.6311e-04  |      ---           ---           ---     
n=03:                                2.8748e+01    -2.4191e+01   +1.1745e-04  |      ---           ---           ---     
n=04:                                7.5888e+03    +2.6420e+03   -1.5392e-04  |      ---           ---           ---     
n=05:                                2.8268e+05    -4.7066e+04   +3.2904e-05  |      ---           ---           ---     
n=06:                                3.9356e+07    -1.2912e+07   +1.0832e-04  |      ---           ---           ---     
