--- multipoles on reference trajectory (rz > 0) ---
effective_length:                   631.7207937146508 mm
perpendicular_grid:                 65 points in [-12.000000,+12.000000] mm
max_fitting_error_normal            0.097/4982.923 G/G
max_fitting_error_skew              366.943/366.943 G/G
r0_for_relative_multipoles          12 mm
main_monomial                       n = 0, skew:False
                                       Nn(s=0)      Integ_Nn     Nn/N0(@r0)   |    Sn(s=0)      Integ_Sn     Sn/S0(@r0)  
<multipole_order n>                    [T/m^n]      [T.m/m^n]        []       |    [T/m^n]      [T.m/m^n]        []      
n=00:                                5.9283e-01    -3.7450e-01   +1.0000e+00  |      ---           ---           ---     
n=01:                                8.1148e+00    +5.0183e+00   -1.6080e-01  |      ---           ---           ---     
n=02:                                2.4498e-01    +1.1731e+00   -4.5107e-04  |      ---           ---           ---     
n=03:                                3.3809e+01    -2.3445e+01   +1.0818e-04  |      ---           ---           ---     
n=04:                                6.1671e+03    -4.4623e+02   +2.4707e-05  |      ---           ---           ---     
n=05:                                9.4929e+04    -1.1393e+05   +7.5700e-05  |      ---           ---           ---     
n=06:                                8.2499e+06    -4.6417e+06   +3.7009e-05  |      ---           ---           ---     
