--- multipoles on reference trajectory (rz > 0) ---
effective_length:                   631.7798506853659 mm
perpendicular_grid:                 65 points in [-12.000000,+12.000000] mm
max_fitting_error_normal            0.101/4979.306 G/G
max_fitting_error_skew              365.738/365.738 G/G
r0_for_relative_multipoles          12 mm
main_monomial                       n = 0, skew:False
                                       Nn(s=0)      Integ_Nn     Nn/N0(@r0)   |    Sn(s=0)      Integ_Sn     Sn/S0(@r0)  
<multipole_order n>                    [T/m^n]      [T.m/m^n]        []       |    [T/m^n]      [T.m/m^n]        []      
n=00:                                5.9312e-01    -3.7472e-01   +1.0000e+00  |      ---           ---           ---     
n=01:                                8.1257e+00    +5.0236e+00   -1.6087e-01  |      ---           ---           ---     
n=02:                                4.3553e-01    +1.0779e+00   -4.1423e-04  |      ---           ---           ---     
n=03:                                3.4097e+01    -1.9130e+01   +8.8218e-05  |      ---           ---           ---     
n=04:                                4.7842e+03    +1.4851e+03   -8.2182e-05  |      ---           ---           ---     
n=05:                                4.2412e+05    -1.0662e+05   +7.0803e-05  |      ---           ---           ---     
n=06:                                3.7160e+06    -1.0008e+07   +7.9753e-05  |      ---           ---           ---     
