--- multipoles on reference trajectory (rz > 0) ---
effective_length:                   630.9140026366323 mm
perpendicular_grid:                 65 points in [-12.000000,+12.000000] mm
max_fitting_error_normal            0.099/4764.697 G/G
max_fitting_error_skew              359.635/359.635 G/G
r0_for_relative_multipoles          12 mm
main_monomial                       n = 0, skew:False
                                       Nn(s=0)      Integ_Nn     Nn/N0(@r0)   |    Sn(s=0)      Integ_Sn     Sn/S0(@r0)  
<multipole_order n>                    [T/m^n]      [T.m/m^n]        []       |    [T/m^n]      [T.m/m^n]        []      
n=00:                                5.6495e-01    -3.5644e-01   +1.0000e+00  |      ---           ---           ---     
n=01:                                7.7410e+00    +4.7810e+00   -1.6096e-01  |      ---           ---           ---     
n=02:                                1.7812e-01    +9.6781e-01   -3.9100e-04  |      ---           ---           ---     
n=03:                                2.8600e+00    -1.5016e+01   +7.2799e-05  |      ---           ---           ---     
n=04:                                3.7599e+03    +1.4561e+03   -8.4709e-05  |      ---           ---           ---     
n=05:                                1.1367e+05    -7.3505e+04   +5.1315e-05  |      ---           ---           ---     
n=06:                                2.0816e+07    -8.1885e+06   +6.8598e-05  |      ---           ---           ---     
