--- multipoles on reference trajectory (rz > 0) ---
effective_length:                   632.6143569611008 mm
perpendicular_grid:                 65 points in [-12.000000,+12.000000] mm
max_fitting_error_normal            0.092/6264.001 G/G
max_fitting_error_skew              338.073/338.073 G/G
r0_for_relative_multipoles          12 mm
main_monomial                       n = 0, skew:False
                                       Nn(s=0)      Integ_Nn     Nn/N0(@r0)   |    Sn(s=0)      Integ_Sn     Sn/S0(@r0)  
<multipole_order n>                    [T/m^n]      [T.m/m^n]        []       |    [T/m^n]      [T.m/m^n]        []      
n=00:                                5.3816e-01    -3.4045e-01   +1.0000e+00  |      ---           ---           ---     
n=01:                                7.3489e+00    +4.5496e+00   -1.6036e-01  |      ---           ---           ---     
n=02:                                1.8636e-01    +9.4860e-01   -4.0123e-04  |      ---           ---           ---     
n=03:                                3.0372e+01    -3.9359e+01   +1.9977e-04  |      ---           ---           ---     
n=04:                                9.7287e+02    +7.6304e+02   -4.6475e-05  |      ---           ---           ---     
n=05:                                3.9456e+05    -3.2623e+03   +2.3844e-06  |      ---           ---           ---     
n=06:                                6.9007e+06    -4.6669e+06   +4.0932e-05  |      ---           ---           ---     
