--- multipoles on reference trajectory (rz > 0) ---
effective_length:                   631.0022913862307 mm
perpendicular_grid:                 65 points in [-12.000000,+12.000000] mm
max_fitting_error_normal            0.084/4779.283 G/G
max_fitting_error_skew              347.183/347.183 G/G
r0_for_relative_multipoles          17.5 mm
main_monomial                       n = 0, skew:False
                                       Nn(s=0)      Integ_Nn     Nn/N0(@r0)   |    Sn(s=0)      Integ_Sn     Sn/S0(@r0)  
<multipole_order n>                    [T/m^n]      [T.m/m^n]        []       |    [T/m^n]      [T.m/m^n]        []      
n=00:                                5.6651e-01    -3.5747e-01   +1.0000e+00  |      ---           ---           ---     
n=01:                                7.7285e+00    +4.7751e+00   -2.3376e-01  |      ---           ---           ---     
n=02:                                8.0715e-02    +8.2251e-01   -7.0465e-04  |      ---           ---           ---     
n=03:                                2.4283e+01    -1.0813e+01   +1.6211e-04  |      ---           ---           ---     
n=04:                                4.8616e+03    +4.9536e+02   -1.2997e-04  |      ---           ---           ---     
n=05:                                1.6940e+04    -9.6871e+04   +4.4478e-04  |      ---           ---           ---     
n=06:                                7.8985e+06    -4.1483e+06   +3.3332e-04  |      ---           ---           ---     
