--- multipoles on reference trajectory (rz > 0) ---
effective_length:                   632.1688022244625 mm
perpendicular_grid:                 65 points in [-12.000000,+12.000000] mm
max_fitting_error_normal            0.099/6309.029 G/G
max_fitting_error_skew              331.231/331.231 G/G
r0_for_relative_multipoles          17.5 mm
main_monomial                       n = 0, skew:False
                                       Nn(s=0)      Integ_Nn     Nn/N0(@r0)   |    Sn(s=0)      Integ_Sn     Sn/S0(@r0)  
<multipole_order n>                    [T/m^n]      [T.m/m^n]        []       |    [T/m^n]      [T.m/m^n]        []      
n=00:                                5.3876e-01    -3.4059e-01   +1.0000e+00  |      ---           ---           ---     
n=01:                                7.3647e+00    +4.5573e+00   -2.3416e-01  |      ---           ---           ---     
n=02:                                5.1690e-01    +8.7269e-01   -7.8471e-04  |      ---           ---           ---     
n=03:                                1.7741e+01    -2.1907e+01   +3.4472e-04  |      ---           ---           ---     
n=04:                                4.5233e+03    +4.0665e+02   -1.1198e-04  |      ---           ---           ---     
n=05:                                7.6556e+04    -9.8360e+04   +4.7401e-04  |      ---           ---           ---     
n=06:                                2.6658e+07    -3.9770e+06   +3.3539e-04  |      ---           ---           ---     
