--- multipoles on reference trajectory (rz > 0) ---
effective_length:                   630.5122014896632 mm
perpendicular_grid:                 65 points in [-12.000000,+12.000000] mm
max_fitting_error_normal            0.096/4721.069 G/G
max_fitting_error_skew              357.932/357.932 G/G
r0_for_relative_multipoles          12 mm
main_monomial                       n = 0, skew:False
                                       Nn(s=0)      Integ_Nn     Nn/N0(@r0)   |    Sn(s=0)      Integ_Sn     Sn/S0(@r0)  
<multipole_order n>                    [T/m^n]      [T.m/m^n]        []       |    [T/m^n]      [T.m/m^n]        []      
n=00:                                5.6444e-01    -3.5589e-01   +1.0000e+00  |      ---           ---           ---     
n=01:                                7.7313e+00    +4.7731e+00   -1.6094e-01  |      ---           ---           ---     
n=02:                                7.7515e-01    +9.4508e-01   -3.8240e-04  |      ---           ---           ---     
n=03:                                2.4874e+01    -2.8764e+01   +1.3966e-04  |      ---           ---           ---     
n=04:                                9.0110e+03    -1.1939e+02   +6.9564e-06  |      ---           ---           ---     
n=05:                                3.1436e+04    -3.0509e+04   +2.1331e-05  |      ---           ---           ---     
n=06:                                4.9035e+07    -1.2308e+06   +1.0326e-05  |      ---           ---           ---     
