--- multipoles on reference trajectory (rz > 0) ---
effective_length:                   631.1230002895737 mm
perpendicular_grid:                 65 points in [-12.000000,+12.000000] mm
max_fitting_error_normal            0.095/6937.367 G/G
max_fitting_error_skew              378.911/378.911 G/G
r0_for_relative_multipoles          12 mm
main_monomial                       n = 0, skew:False
                                       Nn(s=0)      Integ_Nn     Nn/N0(@r0)   |    Sn(s=0)      Integ_Sn     Sn/S0(@r0)  
<multipole_order n>                    [T/m^n]      [T.m/m^n]        []       |    [T/m^n]      [T.m/m^n]        []      
n=00:                                5.9275e-01    -3.7410e-01   +1.0000e+00  |      ---           ---           ---     
n=01:                                8.1224e+00    +5.0155e+00   -1.6088e-01  |      ---           ---           ---     
n=02:                                1.9365e-01    +1.1013e+00   -4.2391e-04  |      ---           ---           ---     
n=03:                                1.0085e+01    -3.2203e+01   +1.4875e-04  |      ---           ---           ---     
n=04:                                1.8241e+03    +8.4992e+02   -4.7110e-05  |      ---           ---           ---     
n=05:                                1.0795e+05    -1.4170e+04   +9.4250e-06  |      ---           ---           ---     
n=06:                                1.1572e+07    -4.9950e+06   +3.9869e-05  |      ---           ---           ---     
