--- multipoles on reference trajectory (rz > 0) ---
effective_length:                   631.5168341951313 mm
perpendicular_grid:                 65 points in [-12.000000,+12.000000] mm
max_fitting_error_normal            0.052/5366.725 G/G
max_fitting_error_skew              337.362/337.362 G/G
r0_for_relative_multipoles          12 mm
main_monomial                       n = 0, skew:False
                                       Nn(s=0)      Integ_Nn     Nn/N0(@r0)   |    Sn(s=0)      Integ_Sn     Sn/S0(@r0)  
<multipole_order n>                    [T/m^n]      [T.m/m^n]        []       |    [T/m^n]      [T.m/m^n]        []      
n=00:                                5.3663e-01    -3.3889e-01   +1.0000e+00  |      ---           ---           ---     
n=01:                                7.3545e+00    +4.5490e+00   -1.6108e-01  |      ---           ---           ---     
n=02:                                4.4244e-01    +7.2436e-01   -3.0779e-04  |      ---           ---           ---     
n=03:                                1.9535e+01    -2.6795e+01   +1.3663e-04  |      ---           ---           ---     
n=04:                                1.2768e+03    +9.1604e+02   -5.6051e-05  |      ---           ---           ---     
n=05:                                5.0671e+03    -4.7973e+04   +3.5225e-05  |      ---           ---           ---     
n=06:                                1.5881e+07    -3.9660e+06   +3.4945e-05  |      ---           ---           ---     
