--- multipoles on reference trajectory (rz > 0) ---
effective_length:                   630.7200674117788 mm
perpendicular_grid:                 65 points in [-12.000000,+12.000000] mm
max_fitting_error_normal            0.110/6155.078 G/G
max_fitting_error_skew              367.453/367.453 G/G
r0_for_relative_multipoles          12 mm
main_monomial                       n = 0, skew:False
                                       Nn(s=0)      Integ_Nn     Nn/N0(@r0)   |    Sn(s=0)      Integ_Sn     Sn/S0(@r0)  
<multipole_order n>                    [T/m^n]      [T.m/m^n]        []       |    [T/m^n]      [T.m/m^n]        []      
n=00:                                5.9331e-01    -3.7422e-01   +1.0000e+00  |      ---           ---           ---     
n=01:                                8.1273e+00    +5.0179e+00   -1.6091e-01  |      ---           ---           ---     
n=02:                                9.3741e-02    +1.2662e+00   -4.8725e-04  |      ---           ---           ---     
n=03:                                7.8578e+01    -2.9548e+01   +1.3644e-04  |      ---           ---           ---     
n=04:                                2.6239e+03    -1.4434e+03   +7.9982e-05  |      ---           ---           ---     
n=05:                                1.9701e+05    -3.0286e+04   +2.0139e-05  |      ---           ---           ---     
n=06:                                2.5003e+07    +9.7413e+05   -7.7729e-06  |      ---           ---           ---     
