--- multipoles on reference trajectory (rz > 0) ---
effective_length:                   631.3312130299921 mm
perpendicular_grid:                 65 points in [-12.000000,+12.000000] mm
max_fitting_error_normal            0.114/5000.497 G/G
max_fitting_error_skew              370.003/370.003 G/G
r0_for_relative_multipoles          17.5 mm
main_monomial                       n = 0, skew:False
                                       Nn(s=0)      Integ_Nn     Nn/N0(@r0)   |    Sn(s=0)      Integ_Sn     Sn/S0(@r0)  
<multipole_order n>                    [T/m^n]      [T.m/m^n]        []       |    [T/m^n]      [T.m/m^n]        []      
n=00:                                5.9498e-01    -3.7563e-01   +1.0000e+00  |      ---           ---           ---     
n=01:                                8.1224e+00    +5.0273e+00   -2.3421e-01  |      ---           ---           ---     
n=02:                                1.7148e+00    +9.6966e-01   -7.9056e-04  |      ---           ---           ---     
n=03:                                2.8318e+01    -4.7417e+01   +6.7653e-04  |      ---           ---           ---     
n=04:                                2.0677e+04    +4.8094e+03   -1.2008e-03  |      ---           ---           ---     
n=05:                                3.4799e+05    +5.8625e+04   -2.5616e-04  |      ---           ---           ---     
n=06:                                8.5877e+07    -2.0474e+07   +1.5656e-03  |      ---           ---           ---     
