--- multipoles on reference trajectory (rz > 0) ---
effective_length:                   630.9877810608546 mm
perpendicular_grid:                 65 points in [-12.000000,+12.000000] mm
max_fitting_error_normal            0.110/5871.036 G/G
max_fitting_error_skew              360.351/360.351 G/G
r0_for_relative_multipoles          12 mm
main_monomial                       n = 0, skew:False
                                       Nn(s=0)      Integ_Nn     Nn/N0(@r0)   |    Sn(s=0)      Integ_Sn     Sn/S0(@r0)  
<multipole_order n>                    [T/m^n]      [T.m/m^n]        []       |    [T/m^n]      [T.m/m^n]        []      
n=00:                                5.6489e-01    -3.5644e-01   +1.0000e+00  |      ---           ---           ---     
n=01:                                7.7440e+00    +4.7807e+00   -1.6095e-01  |      ---           ---           ---     
n=02:                                4.8079e-01    +9.2801e-01   -3.7491e-04  |      ---           ---           ---     
n=03:                                3.6103e+01    -3.4693e+01   +1.6819e-04  |      ---           ---           ---     
n=04:                                5.6014e+03    +8.9338e+02   -5.1973e-05  |      ---           ---           ---     
n=05:                                5.7744e+03    -1.6663e+04   +1.1633e-05  |      ---           ---           ---     
n=06:                                3.3395e+07    -4.7302e+06   +3.9626e-05  |      ---           ---           ---     
