--- multipoles on reference trajectory (rz > 0) ---
effective_length:                   630.0943803073212 mm
perpendicular_grid:                 65 points in [-12.000000,+12.000000] mm
max_fitting_error_normal            0.136/4499.192 G/G
max_fitting_error_skew              335.363/335.363 G/G
r0_for_relative_multipoles          12 mm
main_monomial                       n = 0, skew:False
                                       Nn(s=0)      Integ_Nn     Nn/N0(@r0)   |    Sn(s=0)      Integ_Sn     Sn/S0(@r0)  
<multipole_order n>                    [T/m^n]      [T.m/m^n]        []       |    [T/m^n]      [T.m/m^n]        []      
n=00:                                5.3640e-01    -3.3798e-01   +1.0000e+00  |      ---           ---           ---     
n=01:                                7.3540e+00    +4.5381e+00   -1.6112e-01  |      ---           ---           ---     
n=02:                                9.0315e-01    +8.1055e-01   -3.4535e-04  |      ---           ---           ---     
n=03:                                2.1457e+01    -2.9401e+01   +1.5032e-04  |      ---           ---           ---     
n=04:                                1.6301e+04    +5.0583e+03   -3.1034e-04  |      ---           ---           ---     
n=05:                                2.8015e+05    -2.2380e+04   +1.6477e-05  |      ---           ---           ---     
n=06:                                8.1606e+07    -2.4394e+07   +2.1551e-04  |      ---           ---           ---     
