--- multipoles on reference trajectory (rz > 0) ---
effective_length:                   630.7082355373016 mm
perpendicular_grid:                 65 points in [-12.000000,+12.000000] mm
max_fitting_error_normal            0.062/5012.550 G/G
max_fitting_error_skew              379.631/379.631 G/G
r0_for_relative_multipoles          17.5 mm
main_monomial                       n = 0, skew:False
                                       Nn(s=0)      Integ_Nn     Nn/N0(@r0)   |    Sn(s=0)      Integ_Sn     Sn/S0(@r0)  
<multipole_order n>                    [T/m^n]      [T.m/m^n]        []       |    [T/m^n]      [T.m/m^n]        []      
n=00:                                5.9466e-01    -3.7505e-01   +1.0000e+00  |      ---           ---           ---     
n=01:                                8.1198e+00    +5.0106e+00   -2.3379e-01  |      ---           ---           ---     
n=02:                                2.6149e-01    +9.0084e-01   -7.3558e-04  |      ---           ---           ---     
n=03:                                2.2296e+01    -2.5530e+01   +3.6482e-04  |      ---           ---           ---     
n=04:                                7.9136e+02    +1.8048e+03   -4.5132e-04  |      ---           ---           ---     
n=05:                                9.4891e+04    -4.4948e+04   +1.9670e-04  |      ---           ---           ---     
n=06:                                1.0762e+07    -7.1084e+06   +5.4438e-04  |      ---           ---           ---     
