--- multipoles on reference trajectory (rz > 0) ---
effective_length:                   630.7431728832579 mm
perpendicular_grid:                 65 points in [-12.000000,+12.000000] mm
max_fitting_error_normal            0.068/4757.604 G/G
max_fitting_error_skew              348.770/348.770 G/G
r0_for_relative_multipoles          17.5 mm
main_monomial                       n = 0, skew:False
                                       Nn(s=0)      Integ_Nn     Nn/N0(@r0)   |    Sn(s=0)      Integ_Sn     Sn/S0(@r0)  
<multipole_order n>                    [T/m^n]      [T.m/m^n]        []       |    [T/m^n]      [T.m/m^n]        []      
n=00:                                5.6747e-01    -3.5793e-01   +1.0000e+00  |      ---           ---           ---     
n=01:                                7.7490e+00    +4.7877e+00   -2.3408e-01  |      ---           ---           ---     
n=02:                                7.5766e-02    +1.2089e+00   -1.0344e-03  |      ---           ---           ---     
n=03:                                4.5250e+01    -3.4165e+01   +5.1157e-04  |      ---           ---           ---     
n=04:                                1.5518e+03    +1.0233e+03   -2.6815e-04  |      ---           ---           ---     
n=05:                                1.5660e+04    -1.4562e+04   +6.6774e-05  |      ---           ---           ---     
n=06:                                1.5756e+07    -8.6434e+06   +6.9361e-04  |      ---           ---           ---     
