--- multipoles on reference trajectory (rz > 0) ---
effective_length:                   631.3108067119434 mm
perpendicular_grid:                 65 points in [-12.000000,+12.000000] mm
max_fitting_error_normal            0.089/6139.260 G/G
max_fitting_error_skew              365.725/365.725 G/G
r0_for_relative_multipoles          12 mm
main_monomial                       n = 0, skew:False
                                       Nn(s=0)      Integ_Nn     Nn/N0(@r0)   |    Sn(s=0)      Integ_Sn     Sn/S0(@r0)  
<multipole_order n>                    [T/m^n]      [T.m/m^n]        []       |    [T/m^n]      [T.m/m^n]        []      
n=00:                                5.9271e-01    -3.7418e-01   +1.0000e+00  |      ---           ---           ---     
n=01:                                8.1112e+00    +5.0110e+00   -1.6070e-01  |      ---           ---           ---     
n=02:                                3.1104e-02    +9.9456e-01   -3.8274e-04  |      ---           ---           ---     
n=03:                                6.2585e+00    -3.0600e+01   +1.4131e-04  |      ---           ---           ---     
n=04:                                8.4387e+03    -1.7988e+03   +9.9684e-05  |      ---           ---           ---     
n=05:                                3.5184e+05    -1.0147e+05   +6.7475e-05  |      ---           ---           ---     
n=06:                                2.3913e+07    +1.2460e+06   -9.9430e-06  |      ---           ---           ---     
