--- multipoles on reference trajectory (rz > 0) ---
effective_length:                   631.0418881768246 mm
perpendicular_grid:                 65 points in [-12.000000,+12.000000] mm
max_fitting_error_normal            0.090/6623.696 G/G
max_fitting_error_skew              349.713/349.713 G/G
r0_for_relative_multipoles          12 mm
main_monomial                       n = 0, skew:False
                                       Nn(s=0)      Integ_Nn     Nn/N0(@r0)   |    Sn(s=0)      Integ_Sn     Sn/S0(@r0)  
<multipole_order n>                    [T/m^n]      [T.m/m^n]        []       |    [T/m^n]      [T.m/m^n]        []      
n=00:                                5.6660e-01    -3.5755e-01   +1.0000e+00  |      ---           ---           ---     
n=01:                                7.7382e+00    +4.7802e+00   -1.6043e-01  |      ---           ---           ---     
n=02:                                4.5224e-01    +1.1011e+00   -4.4348e-04  |      ---           ---           ---     
n=03:                                1.9250e+01    -3.6292e+01   +1.7540e-04  |      ---           ---           ---     
n=04:                                5.0560e+03    +6.8733e+02   -3.9862e-05  |      ---           ---           ---     
n=05:                                1.5399e+05    -2.0445e+04   +1.4229e-05  |      ---           ---           ---     
n=06:                                2.3865e+07    -6.2841e+06   +5.2480e-05  |      ---           ---           ---     
