--- multipoles on reference trajectory (rz > 0) ---
effective_length:                   629.7579278541654 mm
perpendicular_grid:                 65 points in [-12.000000,+12.000000] mm
max_fitting_error_normal            0.073/4722.556 G/G
max_fitting_error_skew              355.558/355.558 G/G
r0_for_relative_multipoles          12 mm
main_monomial                       n = 0, skew:False
                                       Nn(s=0)      Integ_Nn     Nn/N0(@r0)   |    Sn(s=0)      Integ_Sn     Sn/S0(@r0)  
<multipole_order n>                    [T/m^n]      [T.m/m^n]        []       |    [T/m^n]      [T.m/m^n]        []      
n=00:                                5.6495e-01    -3.5578e-01   +1.0000e+00  |      ---           ---           ---     
n=01:                                7.7368e+00    +4.7749e+00   -1.6105e-01  |      ---           ---           ---     
n=02:                                3.6775e-01    +8.7344e-01   -3.5352e-04  |      ---           ---           ---     
n=03:                                7.0284e-01    -2.6468e+01   +1.2855e-04  |      ---           ---           ---     
n=04:                                2.1863e+02    +1.4568e+03   -8.4905e-05  |      ---           ---           ---     
n=05:                                2.0819e+05    -5.2918e+04   +3.7011e-05  |      ---           ---           ---     
n=06:                                7.4133e+06    -8.9897e+06   +7.5448e-05  |      ---           ---           ---     
