--- multipoles on reference trajectory (rz > 0) ---
effective_length:                   631.407937526586 mm
perpendicular_grid:                 65 points in [-12.000000,+12.000000] mm
max_fitting_error_normal            0.067/6911.841 G/G
max_fitting_error_skew              374.856/374.856 G/G
r0_for_relative_multipoles          12 mm
main_monomial                       n = 0, skew:False
                                       Nn(s=0)      Integ_Nn     Nn/N0(@r0)   |    Sn(s=0)      Integ_Sn     Sn/S0(@r0)  
<multipole_order n>                    [T/m^n]      [T.m/m^n]        []       |    [T/m^n]      [T.m/m^n]        []      
n=00:                                5.9276e-01    -3.7428e-01   +1.0000e+00  |      ---           ---           ---     
n=01:                                8.1197e+00    +5.0173e+00   -1.6086e-01  |      ---           ---           ---     
n=02:                                3.1114e-01    +9.4621e-01   -3.6405e-04  |      ---           ---           ---     
n=03:                                2.3385e+01    -2.0554e+01   +9.4894e-05  |      ---           ---           ---     
n=04:                                1.7345e+03    +1.1344e+03   -6.2851e-05  |      ---           ---           ---     
n=05:                                9.3276e+04    -4.8894e+04   +3.2506e-05  |      ---           ---           ---     
n=06:                                1.5636e+07    -5.6881e+06   +4.5380e-05  |      ---           ---           ---     
