--- multipoles on reference trajectory (rz > 0) ---
effective_length:                   631.7197754530912 mm
perpendicular_grid:                 65 points in [-12.000000,+12.000000] mm
max_fitting_error_normal            0.066/6261.715 G/G
max_fitting_error_skew              341.375/341.375 G/G
r0_for_relative_multipoles          12 mm
main_monomial                       n = 0, skew:False
                                       Nn(s=0)      Integ_Nn     Nn/N0(@r0)   |    Sn(s=0)      Integ_Sn     Sn/S0(@r0)  
<multipole_order n>                    [T/m^n]      [T.m/m^n]        []       |    [T/m^n]      [T.m/m^n]        []      
n=00:                                5.3659e-01    -3.3897e-01   +1.0000e+00  |      ---           ---           ---     
n=01:                                7.3565e+00    +4.5532e+00   -1.6119e-01  |      ---           ---           ---     
n=02:                                3.1865e-01    +1.0690e+00   -4.5413e-04  |      ---           ---           ---     
n=03:                                4.7042e+01    -3.3277e+01   +1.6964e-04  |      ---           ---           ---     
n=04:                                2.3791e+03    -6.0238e+02   +3.6850e-05  |      ---           ---           ---     
n=05:                                3.6108e+05    +1.9188e+04   -1.4085e-05  |      ---           ---           ---     
n=06:                                1.4302e+07    +1.1710e+05   -1.0316e-06  |      ---           ---           ---     
