--- multipoles on reference trajectory (rz > 0) ---
effective_length:                   630.6638995329029 mm
perpendicular_grid:                 65 points in [-12.000000,+12.000000] mm
max_fitting_error_normal            0.058/5000.386 G/G
max_fitting_error_skew              378.998/378.998 G/G
r0_for_relative_multipoles          12 mm
main_monomial                       n = 0, skew:False
                                       Nn(s=0)      Integ_Nn     Nn/N0(@r0)   |    Sn(s=0)      Integ_Sn     Sn/S0(@r0)  
<multipole_order n>                    [T/m^n]      [T.m/m^n]        []       |    [T/m^n]      [T.m/m^n]        []      
n=00:                                5.9266e-01    -3.7377e-01   +1.0000e+00  |      ---           ---           ---     
n=01:                                8.1132e+00    +5.0101e+00   -1.6085e-01  |      ---           ---           ---     
n=02:                                1.2599e+00    +8.9827e-01   -3.4607e-04  |      ---           ---           ---     
n=03:                                4.4929e+01    -5.9989e+01   +2.7734e-04  |      ---           ---           ---     
n=04:                                2.8490e+03    +2.1884e+02   -1.2141e-05  |      ---           ---           ---     
n=05:                                4.0646e+03    +2.4744e+04   -1.6473e-05  |      ---           ---           ---     
n=06:                                6.9756e+06    -3.9007e+05   +3.1162e-06  |      ---           ---           ---     
