--- multipoles on reference trajectory (rz > 0) ---
effective_length:                   630.4195329680764 mm
perpendicular_grid:                 65 points in [-12.000000,+12.000000] mm
max_fitting_error_normal            0.062/6579.712 G/G
max_fitting_error_skew              357.380/357.380 G/G
r0_for_relative_multipoles          12 mm
main_monomial                       n = 0, skew:False
                                       Nn(s=0)      Integ_Nn     Nn/N0(@r0)   |    Sn(s=0)      Integ_Sn     Sn/S0(@r0)  
<multipole_order n>                    [T/m^n]      [T.m/m^n]        []       |    [T/m^n]      [T.m/m^n]        []      
n=00:                                5.6434e-01    -3.5577e-01   +1.0000e+00  |      ---           ---           ---     
n=01:                                7.7311e+00    +4.7732e+00   -1.6100e-01  |      ---           ---           ---     
n=02:                                2.9544e-01    +8.4166e-01   -3.4067e-04  |      ---           ---           ---     
n=03:                                1.2155e+01    -3.3221e+01   +1.6136e-04  |      ---           ---           ---     
n=04:                                4.3623e+03    -6.3035e+02   +3.6740e-05  |      ---           ---           ---     
n=05:                                2.4556e+05    -6.9661e+04   +4.8722e-05  |      ---           ---           ---     
n=06:                                1.5817e+07    -8.0282e+04   +6.7381e-07  |      ---           ---           ---     
