--- multipoles on reference trajectory (rz > 0) ---
effective_length:                   630.3681385454103 mm
perpendicular_grid:                 65 points in [-12.000000,+12.000000] mm
max_fitting_error_normal            0.059/6616.832 G/G
max_fitting_error_skew              358.409/358.409 G/G
r0_for_relative_multipoles          17.5 mm
main_monomial                       n = 0, skew:False
                                       Nn(s=0)      Integ_Nn     Nn/N0(@r0)   |    Sn(s=0)      Integ_Sn     Sn/S0(@r0)  
<multipole_order n>                    [T/m^n]      [T.m/m^n]        []       |    [T/m^n]      [T.m/m^n]        []      
n=00:                                5.6623e-01    -3.5693e-01   +1.0000e+00  |      ---           ---           ---     
n=01:                                7.7312e+00    +4.7728e+00   -2.3400e-01  |      ---           ---           ---     
n=02:                                3.3789e-01    +8.5835e-01   -7.3646e-04  |      ---           ---           ---     
n=03:                                1.6036e+01    -3.2498e+01   +4.8796e-04  |      ---           ---           ---     
n=04:                                3.2548e+03    -3.5971e+02   +9.4518e-05  |      ---           ---           ---     
n=05:                                2.6648e+05    -7.0513e+04   +3.2424e-04  |      ---           ---           ---     
n=06:                                1.1175e+07    -1.1608e+06   +9.3408e-05  |      ---           ---           ---     
