--- multipoles on reference trajectory (rz > 0) ---
effective_length:                   631.6537155807343 mm
perpendicular_grid:                 65 points in [-12.000000,+12.000000] mm
max_fitting_error_normal            0.070/4503.696 G/G
max_fitting_error_skew              331.437/331.437 G/G
r0_for_relative_multipoles          12 mm
main_monomial                       n = 0, skew:False
                                       Nn(s=0)      Integ_Nn     Nn/N0(@r0)   |    Sn(s=0)      Integ_Sn     Sn/S0(@r0)  
<multipole_order n>                    [T/m^n]      [T.m/m^n]        []       |    [T/m^n]      [T.m/m^n]        []      
n=00:                                5.3836e-01    -3.4006e-01   +1.0000e+00  |      ---           ---           ---     
n=01:                                7.3455e+00    +4.5434e+00   -1.6033e-01  |      ---           ---           ---     
n=02:                                1.3070e+00    +5.7277e-01   -2.4255e-04  |      ---           ---           ---     
n=03:                                3.5229e+01    -3.6452e+01   +1.8523e-04  |      ---           ---           ---     
n=04:                                8.6952e+03    +1.5544e+03   -9.4783e-05  |      ---           ---           ---     
n=05:                                4.2670e+05    -3.6049e+04   +2.6379e-05  |      ---           ---           ---     
n=06:                                3.5592e+07    -9.0751e+06   +7.9688e-05  |      ---           ---           ---     
