--- multipoles on reference trajectory (rz > 0) ---
effective_length:                   631.2472364430639 mm
perpendicular_grid:                 65 points in [-12.000000,+12.000000] mm
max_fitting_error_normal            0.099/6910.473 G/G
max_fitting_error_skew              372.406/372.406 G/G
r0_for_relative_multipoles          12 mm
main_monomial                       n = 0, skew:False
                                       Nn(s=0)      Integ_Nn     Nn/N0(@r0)   |    Sn(s=0)      Integ_Sn     Sn/S0(@r0)  
<multipole_order n>                    [T/m^n]      [T.m/m^n]        []       |    [T/m^n]      [T.m/m^n]        []      
n=00:                                5.9323e-01    -3.7448e-01   +1.0000e+00  |      ---           ---           ---     
n=01:                                8.1251e+00    +5.0222e+00   -1.6094e-01  |      ---           ---           ---     
n=02:                                4.4889e-01    +1.2104e+00   -4.6544e-04  |      ---           ---           ---     
n=03:                                7.3236e+01    -4.1430e+01   +1.9118e-04  |      ---           ---           ---     
n=04:                                6.0305e+03    -2.0510e+02   +1.1357e-05  |      ---           ---           ---     
n=05:                                2.6882e+05    +3.1715e+04   -2.1074e-05  |      ---           ---           ---     
n=06:                                3.2666e+07    -2.1230e+06   +1.6928e-05  |      ---           ---           ---     
