--- multipoles on reference trajectory (rz > 0) ---
effective_length:                   629.8222642912609 mm
perpendicular_grid:                 65 points in [-12.000000,+12.000000] mm
max_fitting_error_normal            0.130/4963.897 G/G
max_fitting_error_skew              366.584/366.584 G/G
r0_for_relative_multipoles          12 mm
main_monomial                       n = 0, skew:False
                                       Nn(s=0)      Integ_Nn     Nn/N0(@r0)   |    Sn(s=0)      Integ_Sn     Sn/S0(@r0)  
<multipole_order n>                    [T/m^n]      [T.m/m^n]        []       |    [T/m^n]      [T.m/m^n]        []      
n=00:                                5.9307e-01    -3.7353e-01   +1.0000e+00  |      ---           ---           ---     
n=01:                                8.1010e+00    +4.9979e+00   -1.6056e-01  |      ---           ---           ---     
n=02:                                1.6155e+00    +4.9851e-01   -1.9218e-04  |      ---           ---           ---     
n=03:                                6.0978e+01    -3.7465e+01   +1.7332e-04  |      ---           ---           ---     
n=04:                                1.2343e+04    +4.0610e+03   -2.2544e-04  |      ---           ---           ---     
n=05:                                5.1814e+05    -6.2268e+04   +4.1481e-05  |      ---           ---           ---     
n=06:                                5.8368e+07    -1.6926e+07   +1.3530e-04  |      ---           ---           ---     
