--- multipoles on reference trajectory (rz > 0) ---
effective_length:                   630.8956076656315 mm
perpendicular_grid:                 65 points in [-12.000000,+12.000000] mm
max_fitting_error_normal            0.067/4953.556 G/G
max_fitting_error_skew              374.201/374.201 G/G
r0_for_relative_multipoles          12 mm
main_monomial                       n = 0, skew:False
                                       Nn(s=0)      Integ_Nn     Nn/N0(@r0)   |    Sn(s=0)      Integ_Sn     Sn/S0(@r0)  
<multipole_order n>                    [T/m^n]      [T.m/m^n]        []       |    [T/m^n]      [T.m/m^n]        []      
n=00:                                5.9261e-01    -3.7388e-01   +1.0000e+00  |      ---           ---           ---     
n=01:                                8.1175e+00    +5.0127e+00   -1.6089e-01  |      ---           ---           ---     
n=02:                                7.5685e-01    +1.2550e+00   -4.8335e-04  |      ---           ---           ---     
n=03:                                5.5430e+01    -4.2526e+01   +1.9655e-04  |      ---           ---           ---     
n=04:                                7.7872e+03    -1.2282e+03   +6.8117e-05  |      ---           ---           ---     
n=05:                                1.5711e+04    -1.8068e+04   +1.2025e-05  |      ---           ---           ---     
n=06:                                3.6467e+07    +2.5366e+06   -2.0258e-05  |      ---           ---           ---     
