--- multipoles on reference trajectory (rz > 0) ---
effective_length:                   630.8641895232479 mm
perpendicular_grid:                 65 points in [-12.000000,+12.000000] mm
max_fitting_error_normal            0.094/4782.527 G/G
max_fitting_error_skew              360.615/360.615 G/G
r0_for_relative_multipoles          12 mm
main_monomial                       n = 0, skew:False
                                       Nn(s=0)      Integ_Nn     Nn/N0(@r0)   |    Sn(s=0)      Integ_Sn     Sn/S0(@r0)  
<multipole_order n>                    [T/m^n]      [T.m/m^n]        []       |    [T/m^n]      [T.m/m^n]        []      
n=00:                                5.6675e-01    -3.5754e-01   +1.0000e+00  |      ---           ---           ---     
n=01:                                7.7411e+00    +4.7805e+00   -1.6044e-01  |      ---           ---           ---     
n=02:                                1.9733e-01    +9.7474e-01   -3.9257e-04  |      ---           ---           ---     
n=03:                                6.1025e+00    -1.5803e+01   +7.6376e-05  |      ---           ---           ---     
n=04:                                4.4295e+03    +1.6327e+03   -9.4689e-05  |      ---           ---           ---     
n=05:                                8.6598e+04    -6.6523e+04   +4.6296e-05  |      ---           ---           ---     
n=06:                                2.4049e+07    -8.7441e+06   +7.3025e-05  |      ---           ---           ---     
