--- multipoles on reference trajectory (rz > 0) ---
effective_length:                   628.7704500853935 mm
perpendicular_grid:                 65 points in [-12.000000,+12.000000] mm
max_fitting_error_normal            0.104/4967.155 G/G
max_fitting_error_skew              379.694/379.694 G/G
r0_for_relative_multipoles          12 mm
main_monomial                       n = 0, skew:False
                                       Nn(s=0)      Integ_Nn     Nn/N0(@r0)   |    Sn(s=0)      Integ_Sn     Sn/S0(@r0)  
<multipole_order n>                    [T/m^n]      [T.m/m^n]        []       |    [T/m^n]      [T.m/m^n]        []      
n=00:                                5.9276e-01    -3.7271e-01   +1.0000e+00  |      ---           ---           ---     
n=01:                                8.1213e+00    +4.9964e+00   -1.6087e-01  |      ---           ---           ---     
n=02:                                2.2996e-01    +1.1092e+00   -4.2855e-04  |      ---           ---           ---     
n=03:                                8.8177e+00    -2.6351e+01   +1.2217e-04  |      ---           ---           ---     
n=04:                                2.5118e+03    +1.1203e+03   -6.2332e-05  |      ---           ---           ---     
n=05:                                1.6877e+05    -5.6898e+04   +3.7987e-05  |      ---           ---           ---     
n=06:                                1.5654e+06    -8.5013e+06   +6.8109e-05  |      ---           ---           ---     
