--- multipoles on reference trajectory (rz > 0) ---
effective_length:                   631.3544497001026 mm
perpendicular_grid:                 65 points in [-12.000000,+12.000000] mm
max_fitting_error_normal            0.101/6939.919 G/G
max_fitting_error_skew              377.887/377.887 G/G
r0_for_relative_multipoles          12 mm
main_monomial                       n = 0, skew:False
                                       Nn(s=0)      Integ_Nn     Nn/N0(@r0)   |    Sn(s=0)      Integ_Sn     Sn/S0(@r0)  
<multipole_order n>                    [T/m^n]      [T.m/m^n]        []       |    [T/m^n]      [T.m/m^n]        []      
n=00:                                5.9275e-01    -3.7424e-01   +1.0000e+00  |      ---           ---           ---     
n=01:                                8.1224e+00    +5.0210e+00   -1.6100e-01  |      ---           ---           ---     
n=02:                                1.9365e-01    +1.2616e+00   -4.8542e-04  |      ---           ---           ---     
n=03:                                1.0085e+01    -2.9390e+01   +1.3570e-04  |      ---           ---           ---     
n=04:                                1.8241e+03    -6.4907e+02   +3.5964e-05  |      ---           ---           ---     
n=05:                                1.0795e+05    -4.0556e+04   +2.6966e-05  |      ---           ---           ---     
n=06:                                1.1572e+07    +4.8735e+05   -3.8885e-06  |      ---           ---           ---     
