--- multipoles on reference trajectory (rz > 0) ---
effective_length:                   630.903680946389 mm
perpendicular_grid:                 65 points in [-12.000000,+12.000000] mm
max_fitting_error_normal            0.057/6931.781 G/G
max_fitting_error_skew              370.210/370.210 G/G
r0_for_relative_multipoles          17.5 mm
main_monomial                       n = 0, skew:False
                                       Nn(s=0)      Integ_Nn     Nn/N0(@r0)   |    Sn(s=0)      Integ_Sn     Sn/S0(@r0)  
<multipole_order n>                    [T/m^n]      [T.m/m^n]        []       |    [T/m^n]      [T.m/m^n]        []      
n=00:                                5.9455e-01    -3.7510e-01   +1.0000e+00  |      ---           ---           ---     
n=01:                                8.1130e+00    +5.0137e+00   -2.3391e-01  |      ---           ---           ---     
n=02:                                3.0918e-01    +1.1360e+00   -9.2752e-04  |      ---           ---           ---     
n=03:                                6.9556e+00    -4.2195e+01   +6.0287e-04  |      ---           ---           ---     
n=04:                                2.8101e+03    +8.7508e+01   -2.1880e-05  |      ---           ---           ---     
n=05:                                9.7522e+04    +1.2887e+04   -5.6389e-05  |      ---           ---           ---     
n=06:                                1.3570e+07    -1.3733e+06   +1.0516e-04  |      ---           ---           ---     
