--- multipoles on reference trajectory (rz > 0) ---
effective_length:                   630.1760169167892 mm
perpendicular_grid:                 65 points in [-12.000000,+12.000000] mm
max_fitting_error_normal            0.052/6609.118 G/G
max_fitting_error_skew              346.563/346.563 G/G
r0_for_relative_multipoles          12 mm
main_monomial                       n = 0, skew:False
                                       Nn(s=0)      Integ_Nn     Nn/N0(@r0)   |    Sn(s=0)      Integ_Sn     Sn/S0(@r0)  
<multipole_order n>                    [T/m^n]      [T.m/m^n]        []       |    [T/m^n]      [T.m/m^n]        []      
n=00:                                5.6505e-01    -3.5608e-01   +1.0000e+00  |      ---           ---           ---     
n=01:                                7.7316e+00    +4.7751e+00   -1.6092e-01  |      ---           ---           ---     
n=02:                                4.5865e-01    +8.5334e-01   -3.4509e-04  |      ---           ---           ---     
n=03:                                3.9571e+01    -3.5456e+01   +1.7206e-04  |      ---           ---           ---     
n=04:                                1.4842e+03    +2.8145e+02   -1.6390e-05  |      ---           ---           ---     
n=05:                                1.5963e+04    -2.3730e+04   +1.6583e-05  |      ---           ---           ---     
n=06:                                1.1743e+07    -4.4202e+06   +3.7067e-05  |      ---           ---           ---     
