--- multipoles on reference trajectory (rz > 0) ---
effective_length:                   629.0591152397799 mm
perpendicular_grid:                 65 points in [-12.000000,+12.000000] mm
max_fitting_error_normal            0.071/6835.050 G/G
max_fitting_error_skew              377.848/377.848 G/G
r0_for_relative_multipoles          12 mm
main_monomial                       n = 0, skew:False
                                       Nn(s=0)      Integ_Nn     Nn/N0(@r0)   |    Sn(s=0)      Integ_Sn     Sn/S0(@r0)  
<multipole_order n>                    [T/m^n]      [T.m/m^n]        []       |    [T/m^n]      [T.m/m^n]        []      
n=00:                                5.9266e-01    -3.7282e-01   +1.0000e+00  |      ---           ---           ---     
n=01:                                8.1132e+00    +4.9966e+00   -1.6083e-01  |      ---           ---           ---     
n=02:                                1.2599e+00    +7.1943e-01   -2.7788e-04  |      ---           ---           ---     
n=03:                                4.4929e+01    -6.9294e+01   +3.2117e-04  |      ---           ---           ---     
n=04:                                2.8490e+03    +1.7240e+03   -9.5886e-05  |      ---           ---           ---     
n=05:                                4.0646e+03    +5.3656e+04   -3.5812e-05  |      ---           ---           ---     
n=06:                                6.9756e+06    -7.7580e+06   +6.2136e-05  |      ---           ---           ---     
