--- multipoles on reference trajectory (rz > 0) ---
effective_length:                   629.2651546302313 mm
perpendicular_grid:                 65 points in [-12.000000,+12.000000] mm
max_fitting_error_normal            0.105/6911.166 G/G
max_fitting_error_skew              365.413/365.413 G/G
r0_for_relative_multipoles          12 mm
main_monomial                       n = 0, skew:False
                                       Nn(s=0)      Integ_Nn     Nn/N0(@r0)   |    Sn(s=0)      Integ_Sn     Sn/S0(@r0)  
<multipole_order n>                    [T/m^n]      [T.m/m^n]        []       |    [T/m^n]      [T.m/m^n]        []      
n=00:                                5.9280e-01    -3.7303e-01   +1.0000e+00  |      ---           ---           ---     
n=01:                                8.1137e+00    +4.9996e+00   -1.6083e-01  |      ---           ---           ---     
n=02:                                5.1708e-01    +1.0825e+00   -4.1788e-04  |      ---           ---           ---     
n=03:                                2.5372e+01    -3.1370e+01   +1.4531e-04  |      ---           ---           ---     
n=04:                                5.9268e+03    -4.7306e+02   +2.6297e-05  |      ---           ---           ---     
n=05:                                5.0308e+04    -3.9693e+04   +2.6477e-05  |      ---           ---           ---     
n=06:                                3.6184e+07    -1.1786e+06   +9.4341e-06  |      ---           ---           ---     
