--- multipoles on reference trajectory (rz > 0) ---
effective_length:                   631.615792461143 mm
perpendicular_grid:                 65 points in [-12.000000,+12.000000] mm
max_fitting_error_normal            0.111/6933.433 G/G
max_fitting_error_skew              363.718/363.718 G/G
r0_for_relative_multipoles          17.5 mm
main_monomial                       n = 0, skew:False
                                       Nn(s=0)      Integ_Nn     Nn/N0(@r0)   |    Sn(s=0)      Integ_Sn     Sn/S0(@r0)  
<multipole_order n>                    [T/m^n]      [T.m/m^n]        []       |    [T/m^n]      [T.m/m^n]        []      
n=00:                                5.9471e-01    -3.7563e-01   +1.0000e+00  |      ---           ---           ---     
n=01:                                8.1150e+00    +5.0188e+00   -2.3382e-01  |      ---           ---           ---     
n=02:                                4.3321e-01    +1.2004e+00   -9.7866e-04  |      ---           ---           ---     
n=03:                                7.4858e+01    -4.3076e+01   +6.1461e-04  |      ---           ---           ---     
n=04:                                5.7807e+03    -1.7300e+03   +4.3197e-04  |      ---           ---           ---     
n=05:                                1.6197e+05    +1.3428e+04   -5.8676e-05  |      ---           ---           ---     
n=06:                                3.5171e+07    +3.0503e+06   -2.3324e-04  |      ---           ---           ---     
