--- multipoles on reference trajectory (rz > 0) ---
effective_length:                   631.7803196342253 mm
perpendicular_grid:                 65 points in [-12.000000,+12.000000] mm
max_fitting_error_normal            0.083/6259.163 G/G
max_fitting_error_skew              330.803/330.803 G/G
r0_for_relative_multipoles          12 mm
main_monomial                       n = 0, skew:False
                                       Nn(s=0)      Integ_Nn     Nn/N0(@r0)   |    Sn(s=0)      Integ_Sn     Sn/S0(@r0)  
<multipole_order n>                    [T/m^n]      [T.m/m^n]        []       |    [T/m^n]      [T.m/m^n]        []      
n=00:                                5.3635e-01    -3.3886e-01   +1.0000e+00  |      ---           ---           ---     
n=01:                                7.3492e+00    +4.5450e+00   -1.6095e-01  |      ---           ---           ---     
n=02:                                4.6398e-01    +9.5736e-01   -4.0684e-04  |      ---           ---           ---     
n=03:                                4.2388e+01    -3.7520e+01   +1.9133e-04  |      ---           ---           ---     
n=04:                                1.7700e+03    -1.8963e+03   +1.1604e-04  |      ---           ---           ---     
n=05:                                4.1541e+03    -1.1638e+04   +8.5464e-06  |      ---           ---           ---     
n=06:                                1.3295e+07    +3.5059e+06   -3.0893e-05  |      ---           ---           ---     
