--- multipoles on reference trajectory (rz > 0) ---
effective_length:                   629.7878751772914 mm
perpendicular_grid:                 65 points in [-12.000000,+12.000000] mm
max_fitting_error_normal            0.084/5870.729 G/G
max_fitting_error_skew              349.886/349.886 G/G
r0_for_relative_multipoles          12 mm
main_monomial                       n = 0, skew:False
                                       Nn(s=0)      Integ_Nn     Nn/N0(@r0)   |    Sn(s=0)      Integ_Sn     Sn/S0(@r0)  
<multipole_order n>                    [T/m^n]      [T.m/m^n]        []       |    [T/m^n]      [T.m/m^n]        []      
n=00:                                5.6442e-01    -3.5546e-01   +1.0000e+00  |      ---           ---           ---     
n=01:                                7.7378e+00    +4.7667e+00   -1.6092e-01  |      ---           ---           ---     
n=02:                                3.3885e-01    +1.0763e+00   -4.3600e-04  |      ---           ---           ---     
n=03:                                4.4373e+01    -2.7244e+01   +1.3244e-04  |      ---           ---           ---     
n=04:                                6.6088e+03    +4.7530e+01   -2.7726e-06  |      ---           ---           ---     
n=05:                                8.9313e+04    -2.7894e+04   +1.9526e-05  |      ---           ---           ---     
n=06:                                3.9930e+07    -2.2515e+06   +1.8913e-05  |      ---           ---           ---     
