--- multipoles on reference trajectory (rz > 0) ---
effective_length:                   631.430076289569 mm
perpendicular_grid:                 65 points in [-12.000000,+12.000000] mm
max_fitting_error_normal            0.066/4730.691 G/G
max_fitting_error_skew              349.885/349.885 G/G
r0_for_relative_multipoles          12 mm
main_monomial                       n = 0, skew:False
                                       Nn(s=0)      Integ_Nn     Nn/N0(@r0)   |    Sn(s=0)      Integ_Sn     Sn/S0(@r0)  
<multipole_order n>                    [T/m^n]      [T.m/m^n]        []       |    [T/m^n]      [T.m/m^n]        []      
n=00:                                5.6480e-01    -3.5663e-01   +1.0000e+00  |      ---           ---           ---     
n=01:                                7.7381e+00    +4.7849e+00   -1.6100e-01  |      ---           ---           ---     
n=02:                                4.2548e-01    +1.0140e+00   -4.0945e-04  |      ---           ---           ---     
n=03:                                1.8135e+01    -4.2975e+01   +2.0823e-04  |      ---           ---           ---     
n=04:                                3.8873e+03    +1.6279e+03   -9.4654e-05  |      ---           ---           ---     
n=05:                                1.6064e+05    -1.1127e+03   +7.7638e-07  |      ---           ---           ---     
n=06:                                1.8103e+07    -7.8765e+06   +6.5948e-05  |      ---           ---           ---     
