--- multipoles on reference trajectory (rz > 0) ---
effective_length:                   630.9712391456995 mm
perpendicular_grid:                 65 points in [-12.000000,+12.000000] mm
max_fitting_error_normal            0.065/6918.620 G/G
max_fitting_error_skew              362.544/362.544 G/G
r0_for_relative_multipoles          12 mm
main_monomial                       n = 0, skew:False
                                       Nn(s=0)      Integ_Nn     Nn/N0(@r0)   |    Sn(s=0)      Integ_Sn     Sn/S0(@r0)  
<multipole_order n>                    [T/m^n]      [T.m/m^n]        []       |    [T/m^n]      [T.m/m^n]        []      
n=00:                                5.9325e-01    -3.7432e-01   +1.0000e+00  |      ---           ---           ---     
n=01:                                8.1242e+00    +5.0216e+00   -1.6098e-01  |      ---           ---           ---     
n=02:                                1.1161e+00    +1.2343e+00   -4.7484e-04  |      ---           ---           ---     
n=03:                                5.0828e+01    -2.1235e+01   +9.8027e-05  |      ---           ---           ---     
n=04:                                1.5788e+04    -3.2281e+02   +1.7882e-05  |      ---           ---           ---     
n=05:                                1.0266e+05    -6.6958e+04   +4.4510e-05  |      ---           ---           ---     
n=06:                                5.2369e+07    -1.6914e+06   +1.3492e-05  |      ---           ---           ---     
