--- multipoles on reference trajectory (rz > 0) ---
effective_length:                   629.9246180021036 mm
perpendicular_grid:                 65 points in [-12.000000,+12.000000] mm
max_fitting_error_normal            0.095/4739.113 G/G
max_fitting_error_skew              347.227/347.227 G/G
r0_for_relative_multipoles          12 mm
main_monomial                       n = 0, skew:False
                                       Nn(s=0)      Integ_Nn     Nn/N0(@r0)   |    Sn(s=0)      Integ_Sn     Sn/S0(@r0)  
<multipole_order n>                    [T/m^n]      [T.m/m^n]        []       |    [T/m^n]      [T.m/m^n]        []      
n=00:                                5.6523e-01    -3.5605e-01   +1.0000e+00  |      ---           ---           ---     
n=01:                                7.7420e+00    +4.7775e+00   -1.6102e-01  |      ---           ---           ---     
n=02:                                7.9789e-01    +8.9652e-01   -3.6258e-04  |      ---           ---           ---     
n=03:                                7.1727e+01    -4.4982e+01   +2.1831e-04  |      ---           ---           ---     
n=04:                                8.3779e+03    +3.9183e+02   -2.2820e-05  |      ---           ---           ---     
n=05:                                1.2433e+05    +2.5962e+04   -1.8144e-05  |      ---           ---           ---     
n=06:                                4.5351e+07    -4.3582e+06   +3.6549e-05  |      ---           ---           ---     
