--- multipoles on reference trajectory (rz > 0) ---
effective_length:                   629.2108766255707 mm
perpendicular_grid:                 65 points in [-12.000000,+12.000000] mm
max_fitting_error_normal            0.099/6289.481 G/G
max_fitting_error_skew              330.553/330.553 G/G
r0_for_relative_multipoles          12 mm
main_monomial                       n = 0, skew:False
                                       Nn(s=0)      Integ_Nn     Nn/N0(@r0)   |    Sn(s=0)      Integ_Sn     Sn/S0(@r0)  
<multipole_order n>                    [T/m^n]      [T.m/m^n]        []       |    [T/m^n]      [T.m/m^n]        []      
n=00:                                5.3689e-01    -3.3782e-01   +1.0000e+00  |      ---           ---           ---     
n=01:                                7.3497e+00    +4.5342e+00   -1.6107e-01  |      ---           ---           ---     
n=02:                                9.1200e-01    +8.0208e-01   -3.4190e-04  |      ---           ---           ---     
n=03:                                7.2763e+01    -4.8843e+01   +2.4984e-04  |      ---           ---           ---     
n=04:                                5.5367e+03    +2.4122e+01   -1.4807e-06  |      ---           ---           ---     
n=05:                                1.8331e+05    +5.4105e+04   -3.9853e-05  |      ---           ---           ---     
n=06:                                3.0121e+07    -3.3095e+06   +2.9253e-05  |      ---           ---           ---     
