--- multipoles on reference trajectory (rz > 0) ---
effective_length:                   631.2775667409616 mm
perpendicular_grid:                 65 points in [-12.000000,+12.000000] mm
max_fitting_error_normal            0.099/6909.496 G/G
max_fitting_error_skew              372.360/372.360 G/G
r0_for_relative_multipoles          12 mm
main_monomial                       n = 0, skew:False
                                       Nn(s=0)      Integ_Nn     Nn/N0(@r0)   |    Sn(s=0)      Integ_Sn     Sn/S0(@r0)  
<multipole_order n>                    [T/m^n]      [T.m/m^n]        []       |    [T/m^n]      [T.m/m^n]        []      
n=00:                                5.9314e-01    -3.7443e-01   +1.0000e+00  |      ---           ---           ---     
n=01:                                8.1251e+00    +5.0222e+00   -1.6096e-01  |      ---           ---           ---     
n=02:                                4.5348e-01    +1.2086e+00   -4.6481e-04  |      ---           ---           ---     
n=03:                                7.3126e+01    -4.1475e+01   +1.9140e-04  |      ---           ---           ---     
n=04:                                6.0949e+03    -1.9077e+02   +1.0565e-05  |      ---           ---           ---     
n=05:                                2.6780e+05    +3.1841e+04   -2.1160e-05  |      ---           ---           ---     
n=06:                                3.2949e+07    -2.1907e+06   +1.7470e-05  |      ---           ---           ---     
