--- multipoles on reference trajectory (rz > 0) ---
effective_length:                   631.9290053657043 mm
perpendicular_grid:                 65 points in [-12.000000,+12.000000] mm
max_fitting_error_normal            0.067/6577.088 G/G
max_fitting_error_skew              349.277/349.277 G/G
r0_for_relative_multipoles          12 mm
main_monomial                       n = 0, skew:False
                                       Nn(s=0)      Integ_Nn     Nn/N0(@r0)   |    Sn(s=0)      Integ_Sn     Sn/S0(@r0)  
<multipole_order n>                    [T/m^n]      [T.m/m^n]        []       |    [T/m^n]      [T.m/m^n]        []      
n=00:                                5.6483e-01    -3.5693e-01   +1.0000e+00  |      ---           ---           ---     
n=01:                                7.7281e+00    +4.7858e+00   -1.6090e-01  |      ---           ---           ---     
n=02:                                3.7991e-01    +6.6769e-01   -2.6937e-04  |      ---           ---           ---     
n=03:                                4.3540e+01    -3.3434e+01   +1.6186e-04  |      ---           ---           ---     
n=04:                                3.5548e+03    +1.2428e+03   -7.2201e-05  |      ---           ---           ---     
n=05:                                3.4921e+05    -4.9310e+04   +3.4376e-05  |      ---           ---           ---     
n=06:                                1.6451e+07    -3.9496e+06   +3.3042e-05  |      ---           ---           ---     
