--- multipoles on reference trajectory (rz > 0) ---
effective_length:                   632.6171371269685 mm
perpendicular_grid:                 65 points in [-12.000000,+12.000000] mm
max_fitting_error_normal            0.090/6588.646 G/G
max_fitting_error_skew              362.506/362.506 G/G
r0_for_relative_multipoles          12 mm
main_monomial                       n = 0, skew:False
                                       Nn(s=0)      Integ_Nn     Nn/N0(@r0)   |    Sn(s=0)      Integ_Sn     Sn/S0(@r0)  
<multipole_order n>                    [T/m^n]      [T.m/m^n]        []       |    [T/m^n]      [T.m/m^n]        []      
n=00:                                5.6478e-01    -3.5729e-01   +1.0000e+00  |      ---           ---           ---     
n=01:                                7.7366e+00    +4.7923e+00   -1.6096e-01  |      ---           ---           ---     
n=02:                                2.5921e-01    +9.9025e-01   -3.9911e-04  |      ---           ---           ---     
n=03:                                3.3813e+01    -2.6911e+01   +1.3015e-04  |      ---           ---           ---     
n=04:                                7.4609e+03    +8.1186e+02   -4.7119e-05  |      ---           ---           ---     
n=05:                                2.6963e+05    -3.6469e+04   +2.5399e-05  |      ---           ---           ---     
n=06:                                2.7902e+07    -4.6157e+06   +3.8575e-05  |      ---           ---           ---     
