--- multipoles on reference trajectory (rz > 0) ---
effective_length:                   630.6904348075591 mm
perpendicular_grid:                 65 points in [-12.000000,+12.000000] mm
max_fitting_error_normal            0.079/4487.851 G/G
max_fitting_error_skew              330.147/330.147 G/G
r0_for_relative_multipoles          12 mm
main_monomial                       n = 0, skew:False
                                       Nn(s=0)      Integ_Nn     Nn/N0(@r0)   |    Sn(s=0)      Integ_Sn     Sn/S0(@r0)  
<multipole_order n>                    [T/m^n]      [T.m/m^n]        []       |    [T/m^n]      [T.m/m^n]        []      
n=00:                                5.3651e-01    -3.3837e-01   +1.0000e+00  |      ---           ---           ---     
n=01:                                7.3450e+00    +4.5408e+00   -1.6104e-01  |      ---           ---           ---     
n=02:                                7.6209e-01    +7.2798e-01   -3.0981e-04  |      ---           ---           ---     
n=03:                                6.6043e+01    -3.4145e+01   +1.7437e-04  |      ---           ---           ---     
n=04:                                4.1195e+03    +2.1008e+03   -1.2874e-04  |      ---           ---           ---     
n=05:                                5.2266e+05    -1.6137e+04   +1.1867e-05  |      ---           ---           ---     
n=06:                                1.5402e+07    -1.1110e+07   +9.8037e-05  |      ---           ---           ---     
