--- multipoles on reference trajectory (rz > 0) ---
effective_length:                   632.3871493014599 mm
perpendicular_grid:                 65 points in [-12.000000,+12.000000] mm
max_fitting_error_normal            0.075/6305.165 G/G
max_fitting_error_skew              334.392/334.392 G/G
r0_for_relative_multipoles          17.5 mm
main_monomial                       n = 0, skew:False
                                       Nn(s=0)      Integ_Nn     Nn/N0(@r0)   |    Sn(s=0)      Integ_Sn     Sn/S0(@r0)  
<multipole_order n>                    [T/m^n]      [T.m/m^n]        []       |    [T/m^n]      [T.m/m^n]        []      
n=00:                                5.3821e-01    -3.4036e-01   +1.0000e+00  |      ---           ---           ---     
n=01:                                7.3469e+00    +4.5474e+00   -2.3381e-01  |      ---           ---           ---     
n=02:                                1.1719e-01    +9.0631e-01   -8.1549e-04  |      ---           ---           ---     
n=03:                                3.3317e+01    -1.3639e+01   +2.1477e-04  |      ---           ---           ---     
n=04:                                2.8394e+02    +1.3483e+03   -3.7155e-04  |      ---           ---           ---     
n=05:                                2.5865e+05    -7.7531e+04   +3.7388e-04  |      ---           ---           ---     
n=06:                                1.8443e+07    -8.7292e+06   +7.3666e-04  |      ---           ---           ---     
