--- multipoles on reference trajectory (rz > 0) ---
effective_length:                   630.3399283192399 mm
perpendicular_grid:                 65 points in [-12.000000,+12.000000] mm
max_fitting_error_normal            0.070/4787.492 G/G
max_fitting_error_skew              349.363/349.363 G/G
r0_for_relative_multipoles          17.5 mm
main_monomial                       n = 0, skew:False
                                       Nn(s=0)      Integ_Nn     Nn/N0(@r0)   |    Sn(s=0)      Integ_Sn     Sn/S0(@r0)  
<multipole_order n>                    [T/m^n]      [T.m/m^n]        []       |    [T/m^n]      [T.m/m^n]        []      
n=00:                                5.6685e-01    -3.5731e-01   +1.0000e+00  |      ---           ---           ---     
n=01:                                7.7318e+00    +4.7770e+00   -2.3397e-01  |      ---           ---           ---     
n=02:                                4.3484e-01    +9.4036e-01   -8.0599e-04  |      ---           ---           ---     
n=03:                                4.0701e+01    -3.8980e+01   +5.8468e-04  |      ---           ---           ---     
n=04:                                1.5994e+03    +7.9605e+02   -2.0895e-04  |      ---           ---           ---     
n=05:                                1.4045e+03    +9.6946e+03   -4.4533e-05  |      ---           ---           ---     
n=06:                                1.2357e+07    -6.5282e+06   +5.2479e-04  |      ---           ---           ---     
