--- multipoles on reference trajectory (rz > 0) ---
effective_length:                   630.9874426933666 mm
perpendicular_grid:                 65 points in [-12.000000,+12.000000] mm
max_fitting_error_normal            0.093/4485.849 G/G
max_fitting_error_skew              330.255/330.255 G/G
r0_for_relative_multipoles          12 mm
main_monomial                       n = 0, skew:False
                                       Nn(s=0)      Integ_Nn     Nn/N0(@r0)   |    Sn(s=0)      Integ_Sn     Sn/S0(@r0)  
<multipole_order n>                    [T/m^n]      [T.m/m^n]        []       |    [T/m^n]      [T.m/m^n]        []      
n=00:                                5.3650e-01    -3.3853e-01   +1.0000e+00  |      ---           ---           ---     
n=01:                                7.3514e+00    +4.5379e+00   -1.6086e-01  |      ---           ---           ---     
n=02:                                4.0808e-01    +6.9993e-01   -2.9773e-04  |      ---           ---           ---     
n=03:                                7.3592e+01    -1.3304e+01   +6.7908e-05  |      ---           ---           ---     
n=04:                                4.4315e+03    +2.4624e+03   -1.5083e-04  |      ---           ---           ---     
n=05:                                4.9242e+05    -8.4604e+04   +6.2188e-05  |      ---           ---           ---     
n=06:                                2.0080e+07    -1.0573e+07   +9.3263e-05  |      ---           ---           ---     
