--- multipoles on reference trajectory (rz > 0) ---
effective_length:                   628.3213929801788 mm
perpendicular_grid:                 65 points in [-12.000000,+12.000000] mm
max_fitting_error_normal            0.078/4956.754 G/G
max_fitting_error_skew              365.812/365.812 G/G
r0_for_relative_multipoles          12 mm
main_monomial                       n = 0, skew:False
                                       Nn(s=0)      Integ_Nn     Nn/N0(@r0)   |    Sn(s=0)      Integ_Sn     Sn/S0(@r0)  
<multipole_order n>                    [T/m^n]      [T.m/m^n]        []       |    [T/m^n]      [T.m/m^n]        []      
n=00:                                5.9312e-01    -3.7267e-01   +1.0000e+00  |      ---           ---           ---     
n=01:                                8.1257e+00    +5.0016e+00   -1.6105e-01  |      ---           ---           ---     
n=02:                                4.3553e-01    +1.2812e+00   -4.9505e-04  |      ---           ---           ---     
n=03:                                3.4097e+01    -1.6744e+01   +7.7639e-05  |      ---           ---           ---     
n=04:                                4.7842e+03    -8.9944e+02   +5.0047e-05  |      ---           ---           ---     
n=05:                                4.2412e+05    -1.1182e+05   +7.4660e-05  |      ---           ---           ---     
n=06:                                3.7160e+06    +2.5311e+05   -2.0280e-06  |      ---           ---           ---     
