--- multipoles on reference trajectory (rz > 0) ---
effective_length:                   631.2981559089676 mm
perpendicular_grid:                 65 points in [-12.000000,+12.000000] mm
max_fitting_error_normal            0.089/6289.894 G/G
max_fitting_error_skew              329.851/329.851 G/G
r0_for_relative_multipoles          12 mm
main_monomial                       n = 0, skew:False
                                       Nn(s=0)      Integ_Nn     Nn/N0(@r0)   |    Sn(s=0)      Integ_Sn     Sn/S0(@r0)  
<multipole_order n>                    [T/m^n]      [T.m/m^n]        []       |    [T/m^n]      [T.m/m^n]        []      
n=00:                                5.3673e-01    -3.3884e-01   +1.0000e+00  |      ---           ---           ---     
n=01:                                7.3513e+00    +4.5470e+00   -1.6103e-01  |      ---           ---           ---     
n=02:                                3.4031e-01    +8.4615e-01   -3.5960e-04  |      ---           ---           ---     
n=03:                                2.9877e+01    -3.5882e+01   +1.8299e-04  |      ---           ---           ---     
n=04:                                1.7661e+03    +2.0855e+02   -1.2763e-05  |      ---           ---           ---     
n=05:                                1.3147e+03    -8.2379e+03   +6.0496e-06  |      ---           ---           ---     
n=06:                                8.2830e+06    -6.1130e+06   +5.3870e-05  |      ---           ---           ---     
