--- multipoles on reference trajectory (rz > 0) ---
effective_length:                   631.7003675674345 mm
perpendicular_grid:                 65 points in [-12.000000,+12.000000] mm
max_fitting_error_normal            0.077/6877.887 G/G
max_fitting_error_skew              367.515/367.515 G/G
r0_for_relative_multipoles          12 mm
main_monomial                       n = 0, skew:False
                                       Nn(s=0)      Integ_Nn     Nn/N0(@r0)   |    Sn(s=0)      Integ_Sn     Sn/S0(@r0)  
<multipole_order n>                    [T/m^n]      [T.m/m^n]        []       |    [T/m^n]      [T.m/m^n]        []      
n=00:                                5.9232e-01    -3.7417e-01   +1.0000e+00  |      ---           ---           ---     
n=01:                                8.1139e+00    +5.0114e+00   -1.6072e-01  |      ---           ---           ---     
n=02:                                2.4178e-01    +9.9973e-01   -3.8475e-04  |      ---           ---           ---     
n=03:                                4.1334e+01    -4.6380e+01   +2.1420e-04  |      ---           ---           ---     
n=04:                                3.4265e+03    +7.3066e+02   -4.0493e-05  |      ---           ---           ---     
n=05:                                8.9056e+03    +3.7821e+02   -2.5152e-07  |      ---           ---           ---     
n=06:                                1.3948e+07    -4.7441e+06   +3.7860e-05  |      ---           ---           ---     
