--- multipoles on reference trajectory (rz > 0) ---
effective_length:                   632.131067599935 mm
perpendicular_grid:                 65 points in [-12.000000,+12.000000] mm
max_fitting_error_normal            0.061/4759.926 G/G
max_fitting_error_skew              355.764/355.764 G/G
r0_for_relative_multipoles          12 mm
main_monomial                       n = 0, skew:False
                                       Nn(s=0)      Integ_Nn     Nn/N0(@r0)   |    Sn(s=0)      Integ_Sn     Sn/S0(@r0)  
<multipole_order n>                    [T/m^n]      [T.m/m^n]        []       |    [T/m^n]      [T.m/m^n]        []      
n=00:                                5.6495e-01    -3.5712e-01   +1.0000e+00  |      ---           ---           ---     
n=01:                                7.7368e+00    +4.7899e+00   -1.6095e-01  |      ---           ---           ---     
n=02:                                3.6775e-01    +7.8179e-01   -3.1524e-04  |      ---           ---           ---     
n=03:                                7.0284e-01    -2.8587e+01   +1.3832e-04  |      ---           ---           ---     
n=04:                                2.1863e+02    +2.1119e+03   -1.2263e-04  |      ---           ---           ---     
n=05:                                2.0819e+05    -6.5436e+04   +4.5594e-05  |      ---           ---           ---     
n=06:                                7.4133e+06    -1.2302e+07   +1.0286e-04  |      ---           ---           ---     
