--- multipoles on reference trajectory (rz > 0) ---
effective_length:                   630.972555683228 mm
perpendicular_grid:                 65 points in [-12.000000,+12.000000] mm
max_fitting_error_normal            0.074/6604.841 G/G
max_fitting_error_skew              351.085/351.085 G/G
r0_for_relative_multipoles          17.5 mm
main_monomial                       n = 0, skew:False
                                       Nn(s=0)      Integ_Nn     Nn/N0(@r0)   |    Sn(s=0)      Integ_Sn     Sn/S0(@r0)  
<multipole_order n>                    [T/m^n]      [T.m/m^n]        []       |    [T/m^n]      [T.m/m^n]        []      
n=00:                                5.6676e-01    -3.5761e-01   +1.0000e+00  |      ---           ---           ---     
n=01:                                7.7390e+00    +4.7860e+00   -2.3421e-01  |      ---           ---           ---     
n=02:                                1.1672e+00    +1.0002e+00   -8.5654e-04  |      ---           ---           ---     
n=03:                                3.3009e+01    -4.1446e+01   +6.2113e-04  |      ---           ---           ---     
n=04:                                1.5430e+04    +1.0446e+03   -2.7397e-04  |      ---           ---           ---     
n=05:                                5.5808e+04    +1.2715e+04   -5.8358e-05  |      ---           ---           ---     
n=06:                                7.2466e+07    -7.6054e+06   +6.1085e-04  |      ---           ---           ---     
