--- multipoles on reference trajectory (rz > 0) ---
effective_length:                   630.4247905315102 mm
perpendicular_grid:                 65 points in [-12.000000,+12.000000] mm
max_fitting_error_normal            0.059/5850.465 G/G
max_fitting_error_skew              349.012/349.012 G/G
r0_for_relative_multipoles          12 mm
main_monomial                       n = 0, skew:False
                                       Nn(s=0)      Integ_Nn     Nn/N0(@r0)   |    Sn(s=0)      Integ_Sn     Sn/S0(@r0)  
<multipole_order n>                    [T/m^n]      [T.m/m^n]        []       |    [T/m^n]      [T.m/m^n]        []      
n=00:                                5.6639e-01    -3.5707e-01   +1.0000e+00  |      ---           ---           ---     
n=01:                                7.7299e+00    +4.7724e+00   -1.6039e-01  |      ---           ---           ---     
n=02:                                1.1616e-01    +1.1593e+00   -4.6754e-04  |      ---           ---           ---     
n=03:                                1.5660e+01    -1.7601e+01   +8.5180e-05  |      ---           ---           ---     
n=04:                                2.6753e+03    -1.5353e+03   +8.9161e-05  |      ---           ---           ---     
n=05:                                1.1569e+05    -7.2927e+04   +5.0821e-05  |      ---           ---           ---     
n=06:                                2.2005e+06    +3.1532e+06   -2.6369e-05  |      ---           ---           ---     
