--- multipoles on reference trajectory (rz > 0) ---
effective_length:                   631.5804424005778 mm
perpendicular_grid:                 65 points in [-12.000000,+12.000000] mm
max_fitting_error_normal            0.074/4504.485 G/G
max_fitting_error_skew              345.335/345.335 G/G
r0_for_relative_multipoles          12 mm
main_monomial                       n = 0, skew:False
                                       Nn(s=0)      Integ_Nn     Nn/N0(@r0)   |    Sn(s=0)      Integ_Sn     Sn/S0(@r0)  
<multipole_order n>                    [T/m^n]      [T.m/m^n]        []       |    [T/m^n]      [T.m/m^n]        []      
n=00:                                5.3633e-01    -3.3874e-01   +1.0000e+00  |      ---           ---           ---     
n=01:                                7.3402e+00    +4.5404e+00   -1.6085e-01  |      ---           ---           ---     
n=02:                                8.4084e-01    +6.4023e-01   -2.7217e-04  |      ---           ---           ---     
n=03:                                3.3700e+01    -3.3284e+01   +1.6979e-04  |      ---           ---           ---     
n=04:                                4.1426e+03    +9.3895e+02   -5.7478e-05  |      ---           ---           ---     
n=05:                                3.3415e+05    -2.7131e+04   +1.9930e-05  |      ---           ---           ---     
n=06:                                1.8485e+07    -4.8665e+06   +4.2898e-05  |      ---           ---           ---     
