--- multipoles on reference trajectory (rz > 0) ---
effective_length:                   630.9295282189448 mm
perpendicular_grid:                 65 points in [-12.000000,+12.000000] mm
max_fitting_error_normal            0.243/4317.510 G/G
max_fitting_error_skew              11.740/11.740 G/G
r0_for_relative_multipoles          12 mm
main_monomial                       n = 0, skew:False
                                       Nn(s=0)      Integ_Nn     Nn/N0(@r0)   |    Sn(s=0)      Integ_Sn     Sn/S0(@r0)  
<multipole_order n>                    [T/m^n]      [T.m/m^n]        []       |    [T/m^n]      [T.m/m^n]        []      
n=00:                                5.8500e-01    -3.6909e-01   +1.0000e+00  |      ---           ---           ---     
n=01:                                8.0425e+00    +4.9740e+00   -1.6171e-01  |      ---           ---           ---     
n=02:                                5.2429e-01    +5.4708e-01   -2.1344e-04  |      ---           ---           ---     
n=03:                                5.6026e+01    -1.5613e+01   +7.3098e-05  |      ---           ---           ---     
n=04:                                3.8087e+03    +2.3029e+03   -1.2938e-04  |      ---           ---           ---     
n=05:                                4.8060e+05    -8.8279e+04   +5.9515e-05  |      ---           ---           ---     
n=06:                                1.0204e+07    -1.1345e+07   +9.1785e-05  |      ---           ---           ---     
