--- multipoles on reference trajectory (rz > 0) ---
effective_length:                   632.0640088772875 mm
perpendicular_grid:                 65 points in [-12.000000,+12.000000] mm
max_fitting_error_normal            0.149/6130.648 G/G
max_fitting_error_skew              369.129/369.129 G/G
r0_for_relative_multipoles          12 mm
main_monomial                       n = 0, skew:False
                                       Nn(s=0)      Integ_Nn     Nn/N0(@r0)   |    Sn(s=0)      Integ_Sn     Sn/S0(@r0)  
<multipole_order n>                    [T/m^n]      [T.m/m^n]        []       |    [T/m^n]      [T.m/m^n]        []      
n=00:                                5.9238e-01    -3.7442e-01   +1.0000e+00  |      ---           ---           ---     
n=01:                                8.1126e+00    +5.0161e+00   -1.6076e-01  |      ---           ---           ---     
n=02:                                9.9190e-01    +1.0141e+00   -3.9000e-04  |      ---           ---           ---     
n=03:                                4.8403e+01    -4.8466e+01   +2.2368e-04  |      ---           ---           ---     
n=04:                                1.4037e+04    +2.3246e+03   -1.2874e-04  |      ---           ---           ---     
n=05:                                1.0554e+05    +3.7217e+04   -2.4734e-05  |      ---           ---           ---     
n=06:                                6.9366e+07    -1.2148e+07   +9.6876e-05  |      ---           ---           ---     
