--- multipoles on reference trajectory (rz > 0) ---
effective_length:                   631.46542416158 mm
perpendicular_grid:                 65 points in [-12.000000,+12.000000] mm
max_fitting_error_normal            0.053/5384.744 G/G
max_fitting_error_skew              338.354/338.354 G/G
r0_for_relative_multipoles          12 mm
main_monomial                       n = 0, skew:False
                                       Nn(s=0)      Integ_Nn     Nn/N0(@r0)   |    Sn(s=0)      Integ_Sn     Sn/S0(@r0)  
<multipole_order n>                    [T/m^n]      [T.m/m^n]        []       |    [T/m^n]      [T.m/m^n]        []      
n=00:                                5.3843e-01    -3.4000e-01   +1.0000e+00  |      ---           ---           ---     
n=01:                                7.3546e+00    +4.5486e+00   -1.6054e-01  |      ---           ---           ---     
n=02:                                4.0529e-01    +7.4402e-01   -3.1511e-04  |      ---           ---           ---     
n=03:                                1.6706e+01    -2.7479e+01   +1.3966e-04  |      ---           ---           ---     
n=04:                                6.8528e+02    +9.7969e+02   -5.9750e-05  |      ---           ---           ---     
n=05:                                2.2708e+03    -4.3934e+04   +3.2153e-05  |      ---           ---           ---     
n=06:                                1.2432e+07    -4.0093e+06   +3.5211e-05  |      ---           ---           ---     
