--- multipoles on reference trajectory (rz > 0) ---
effective_length:                   631.1422465162525 mm
perpendicular_grid:                 65 points in [-12.000000,+12.000000] mm
max_fitting_error_normal            0.067/6284.443 G/G
max_fitting_error_skew              335.899/335.899 G/G
r0_for_relative_multipoles          12 mm
main_monomial                       n = 0, skew:False
                                       Nn(s=0)      Integ_Nn     Nn/N0(@r0)   |    Sn(s=0)      Integ_Sn     Sn/S0(@r0)  
<multipole_order n>                    [T/m^n]      [T.m/m^n]        []       |    [T/m^n]      [T.m/m^n]        []      
n=00:                                5.3879e-01    -3.4005e-01   +1.0000e+00  |      ---           ---           ---     
n=01:                                7.3559e+00    +4.5492e+00   -1.6054e-01  |      ---           ---           ---     
n=02:                                1.3677e+00    +6.0247e-01   -2.5512e-04  |      ---           ---           ---     
n=03:                                5.4377e+01    -2.5976e+01   +1.3200e-04  |      ---           ---           ---     
n=04:                                1.1353e+04    +2.2320e+03   -1.3611e-04  |      ---           ---           ---     
n=05:                                3.8569e+05    -4.8009e+04   +3.5131e-05  |      ---           ---           ---     
n=06:                                3.6876e+07    -7.9748e+06   +7.0027e-05  |      ---           ---           ---     
