--- multipoles on reference trajectory (rz > 0) ---
effective_length:                   631.4525295868665 mm
perpendicular_grid:                 65 points in [-12.000000,+12.000000] mm
max_fitting_error_normal            0.063/6283.745 G/G
max_fitting_error_skew              344.239/344.239 G/G
r0_for_relative_multipoles          12 mm
main_monomial                       n = 0, skew:False
                                       Nn(s=0)      Integ_Nn     Nn/N0(@r0)   |    Sn(s=0)      Integ_Sn     Sn/S0(@r0)  
<multipole_order n>                    [T/m^n]      [T.m/m^n]        []       |    [T/m^n]      [T.m/m^n]        []      
n=00:                                5.3675e-01    -3.3893e-01   +1.0000e+00  |      ---           ---           ---     
n=01:                                7.3632e+00    +4.5517e+00   -1.6115e-01  |      ---           ---           ---     
n=02:                                2.3508e-01    +1.1662e+00   -4.9547e-04  |      ---           ---           ---     
n=03:                                2.7479e+01    -3.9636e+01   +2.0208e-04  |      ---           ---           ---     
n=04:                                1.5221e+03    -1.5155e+03   +9.2720e-05  |      ---           ---           ---     
n=05:                                3.8221e+04    -2.8453e+03   +2.0889e-06  |      ---           ---           ---     
n=06:                                1.2961e+07    +2.9093e+06   -2.5631e-05  |      ---           ---           ---     
