--- multipoles on reference trajectory (rz > 0) ---
effective_length:                   632.3028555546299 mm
perpendicular_grid:                 65 points in [-12.000000,+12.000000] mm
max_fitting_error_normal            0.068/6920.799 G/G
max_fitting_error_skew              365.771/365.771 G/G
r0_for_relative_multipoles          12 mm
main_monomial                       n = 0, skew:False
                                       Nn(s=0)      Integ_Nn     Nn/N0(@r0)   |    Sn(s=0)      Integ_Sn     Sn/S0(@r0)  
<multipole_order n>                    [T/m^n]      [T.m/m^n]        []       |    [T/m^n]      [T.m/m^n]        []      
n=00:                                5.9255e-01    -3.7467e-01   +1.0000e+00  |      ---           ---           ---     
n=01:                                8.1129e+00    +5.0204e+00   -1.6079e-01  |      ---           ---           ---     
n=02:                                3.6525e-01    +1.1206e+00   -4.3067e-04  |      ---           ---           ---     
n=03:                                5.9931e+01    -4.7034e+01   +2.1692e-04  |      ---           ---           ---     
n=04:                                3.2513e+03    -6.9051e+02   +3.8216e-05  |      ---           ---           ---     
n=05:                                8.3797e+04    +2.3897e+04   -1.5871e-05  |      ---           ---           ---     
n=06:                                2.3969e+07    +7.9589e+04   -6.3429e-07  |      ---           ---           ---     
