--- multipoles on reference trajectory (rz > 0) ---
effective_length:                   631.6665711475268 mm
perpendicular_grid:                 65 points in [-12.000000,+12.000000] mm
max_fitting_error_normal            0.096/4490.188 G/G
max_fitting_error_skew              340.288/340.288 G/G
r0_for_relative_multipoles          12 mm
main_monomial                       n = 0, skew:False
                                       Nn(s=0)      Integ_Nn     Nn/N0(@r0)   |    Sn(s=0)      Integ_Sn     Sn/S0(@r0)  
<multipole_order n>                    [T/m^n]      [T.m/m^n]        []       |    [T/m^n]      [T.m/m^n]        []      
n=00:                                5.3654e-01    -3.3891e-01   +1.0000e+00  |      ---           ---           ---     
n=01:                                7.3459e+00    +4.5383e+00   -1.6069e-01  |      ---           ---           ---     
n=02:                                5.2829e-02    +1.0092e+00   -4.2881e-04  |      ---           ---           ---     
n=03:                                3.9137e+01    -9.8027e+00   +4.9980e-05  |      ---           ---           ---     
n=04:                                1.2498e+03    +1.6448e+03   -1.0063e-04  |      ---           ---           ---     
n=05:                                3.4357e+05    -9.3606e+04   +6.8726e-05  |      ---           ---           ---     
n=06:                                2.0410e+07    -1.1058e+07   +9.7422e-05  |      ---           ---           ---     
