--- multipoles on reference trajectory (rz > 0) ---
effective_length:                   632.1330859958525 mm
perpendicular_grid:                 65 points in [-12.000000,+12.000000] mm
max_fitting_error_normal            0.106/6282.707 G/G
max_fitting_error_skew              331.461/331.461 G/G
r0_for_relative_multipoles          12 mm
main_monomial                       n = 0, skew:False
                                       Nn(s=0)      Integ_Nn     Nn/N0(@r0)   |    Sn(s=0)      Integ_Sn     Sn/S0(@r0)  
<multipole_order n>                    [T/m^n]      [T.m/m^n]        []       |    [T/m^n]      [T.m/m^n]        []      
n=00:                                5.3673e-01    -3.3929e-01   +1.0000e+00  |      ---           ---           ---     
n=01:                                7.3513e+00    +4.5530e+00   -1.6103e-01  |      ---           ---           ---     
n=02:                                3.4031e-01    +7.9147e-01   -3.3591e-04  |      ---           ---           ---     
n=03:                                2.9877e+01    -3.5090e+01   +1.7871e-04  |      ---           ---           ---     
n=04:                                1.7661e+03    -4.7600e+02   +2.9091e-05  |      ---           ---           ---     
n=05:                                1.3147e+03    -3.0818e+04   +2.2602e-05  |      ---           ---           ---     
n=06:                                8.2830e+06    -1.1263e+06   +9.9123e-06  |      ---           ---           ---     
