--- multipoles on reference trajectory (rz > 0) ---
effective_length:                   631.9936841857539 mm
perpendicular_grid:                 65 points in [-12.000000,+12.000000] mm
max_fitting_error_normal            0.114/6907.498 G/G
max_fitting_error_skew              365.659/365.659 G/G
r0_for_relative_multipoles          12 mm
main_monomial                       n = 0, skew:False
                                       Nn(s=0)      Integ_Nn     Nn/N0(@r0)   |    Sn(s=0)      Integ_Sn     Sn/S0(@r0)  
<multipole_order n>                    [T/m^n]      [T.m/m^n]        []       |    [T/m^n]      [T.m/m^n]        []      
n=00:                                5.9235e-01    -3.7436e-01   +1.0000e+00  |      ---           ---           ---     
n=01:                                8.1180e+00    +5.0132e+00   -1.6070e-01  |      ---           ---           ---     
n=02:                                1.1540e-01    +1.2884e+00   -4.9559e-04  |      ---           ---           ---     
n=03:                                6.6588e+01    -2.3601e+01   +1.0894e-04  |      ---           ---           ---     
n=04:                                2.3392e+03    -1.1340e+03   +6.2814e-05  |      ---           ---           ---     
n=05:                                2.0308e+05    -7.4408e+04   +4.9458e-05  |      ---           ---           ---     
n=06:                                3.1444e+07    -1.7622e+05   +1.4056e-06  |      ---           ---           ---     
