--- multipoles on reference trajectory (rz > 0) ---
effective_length:                   631.0666462601328 mm
perpendicular_grid:                 65 points in [-12.000000,+12.000000] mm
max_fitting_error_normal            0.090/6289.677 G/G
max_fitting_error_skew              329.976/329.976 G/G
r0_for_relative_multipoles          12 mm
main_monomial                       n = 0, skew:False
                                       Nn(s=0)      Integ_Nn     Nn/N0(@r0)   |    Sn(s=0)      Integ_Sn     Sn/S0(@r0)  
<multipole_order n>                    [T/m^n]      [T.m/m^n]        []       |    [T/m^n]      [T.m/m^n]        []      
n=00:                                5.3660e-01    -3.3863e-01   +1.0000e+00  |      ---           ---           ---     
n=01:                                7.3487e+00    +4.5437e+00   -1.6102e-01  |      ---           ---           ---     
n=02:                                3.4416e-01    +8.1152e-01   -3.4509e-04  |      ---           ---           ---     
n=03:                                2.4316e+01    -4.0979e+01   +2.0911e-04  |      ---           ---           ---     
n=04:                                2.8945e+02    +1.2747e+03   -7.8056e-05  |      ---           ---           ---     
n=05:                                6.1814e+04    +1.6671e+04   -1.2250e-05  |      ---           ---           ---     
n=06:                                8.4828e+06    -7.9630e+06   +7.0217e-05  |      ---           ---           ---     
