--- multipoles on reference trajectory (rz > 0) ---
effective_length:                   631.1975644084155 mm
perpendicular_grid:                 65 points in [-12.000000,+12.000000] mm
max_fitting_error_normal            0.075/6263.433 G/G
max_fitting_error_skew              338.244/338.244 G/G
r0_for_relative_multipoles          12 mm
main_monomial                       n = 0, skew:False
                                       Nn(s=0)      Integ_Nn     Nn/N0(@r0)   |    Sn(s=0)      Integ_Sn     Sn/S0(@r0)  
<multipole_order n>                    [T/m^n]      [T.m/m^n]        []       |    [T/m^n]      [T.m/m^n]        []      
n=00:                                5.3816e-01    -3.3969e-01   +1.0000e+00  |      ---           ---           ---     
n=01:                                7.3489e+00    +4.5427e+00   -1.6048e-01  |      ---           ---           ---     
n=02:                                1.8636e-01    +9.9917e-01   -4.2357e-04  |      ---           ---           ---     
n=03:                                3.0372e+01    -3.1371e+01   +1.5959e-04  |      ---           ---           ---     
n=04:                                9.7287e+02    +7.1479e+01   -4.3634e-06  |      ---           ---           ---     
n=05:                                3.9456e+05    -3.4114e+04   +2.4990e-05  |      ---           ---           ---     
n=06:                                6.9007e+06    -2.2719e+06   +1.9971e-05  |      ---           ---           ---     
