--- multipoles on reference trajectory (rz > 0) ---
effective_length:                   631.5693065636417 mm
perpendicular_grid:                 65 points in [-12.000000,+12.000000] mm
max_fitting_error_normal            0.085/6610.729 G/G
max_fitting_error_skew              357.795/357.795 G/G
r0_for_relative_multipoles          12 mm
main_monomial                       n = 0, skew:False
                                       Nn(s=0)      Integ_Nn     Nn/N0(@r0)   |    Sn(s=0)      Integ_Sn     Sn/S0(@r0)  
<multipole_order n>                    [T/m^n]      [T.m/m^n]        []       |    [T/m^n]      [T.m/m^n]        []      
n=00:                                5.6669e-01    -3.5791e-01   +1.0000e+00  |      ---           ---           ---     
n=01:                                7.7441e+00    +4.7868e+00   -1.6049e-01  |      ---           ---           ---     
n=02:                                4.5010e-01    +1.0105e+00   -4.0655e-04  |      ---           ---           ---     
n=03:                                3.6291e+01    -3.3958e+01   +1.6395e-04  |      ---           ---           ---     
n=04:                                5.4559e+03    -5.6079e+02   +3.2490e-05  |      ---           ---           ---     
n=05:                                1.5027e+04    -2.4429e+04   +1.6984e-05  |      ---           ---           ---     
n=06:                                3.2614e+07    +2.1509e+06   -1.7945e-05  |      ---           ---           ---     
