--- multipoles on reference trajectory (rz > 0) ---
effective_length:                   629.9418824395024 mm
perpendicular_grid:                 65 points in [-12.000000,+12.000000] mm
max_fitting_error_normal            0.106/4488.284 G/G
max_fitting_error_skew              332.176/332.176 G/G
r0_for_relative_multipoles          12 mm
main_monomial                       n = 0, skew:False
                                       Nn(s=0)      Integ_Nn     Nn/N0(@r0)   |    Sn(s=0)      Integ_Sn     Sn/S0(@r0)  
<multipole_order n>                    [T/m^n]      [T.m/m^n]        []       |    [T/m^n]      [T.m/m^n]        []      
n=00:                                5.3650e-01    -3.3796e-01   +1.0000e+00  |      ---           ---           ---     
n=01:                                7.3514e+00    +4.5327e+00   -1.6094e-01  |      ---           ---           ---     
n=02:                                4.0808e-01    +7.7357e-01   -3.2960e-04  |      ---           ---           ---     
n=03:                                7.3592e+01    -7.2119e+00   +3.6874e-05  |      ---           ---           ---     
n=04:                                4.4315e+03    +2.4532e+03   -1.5052e-04  |      ---           ---           ---     
n=05:                                4.9242e+05    -1.0141e+05   +7.4668e-05  |      ---           ---           ---     
n=06:                                2.0080e+07    -1.1422e+07   +1.0091e-04  |      ---           ---           ---     
