--- multipoles on reference trajectory (rz > 0) ---
effective_length:                   631.1978771464452 mm
perpendicular_grid:                 65 points in [-12.000000,+12.000000] mm
max_fitting_error_normal            0.097/5371.352 G/G
max_fitting_error_skew              331.504/331.504 G/G
r0_for_relative_multipoles          12 mm
main_monomial                       n = 0, skew:False
                                       Nn(s=0)      Integ_Nn     Nn/N0(@r0)   |    Sn(s=0)      Integ_Sn     Sn/S0(@r0)  
<multipole_order n>                    [T/m^n]      [T.m/m^n]        []       |    [T/m^n]      [T.m/m^n]        []      
n=00:                                5.3702e-01    -3.3897e-01   +1.0000e+00  |      ---           ---           ---     
n=01:                                7.3592e+00    +4.5491e+00   -1.6105e-01  |      ---           ---           ---     
n=02:                                1.6989e+00    +5.7342e-01   -2.4360e-04  |      ---           ---           ---     
n=03:                                6.7876e+01    -4.6600e+01   +2.3756e-04  |      ---           ---           ---     
n=04:                                1.7523e+04    +4.0652e+03   -2.4868e-04  |      ---           ---           ---     
n=05:                                1.0966e+05    +1.1296e+04   -8.2922e-06  |      ---           ---           ---     
n=06:                                8.3448e+07    -2.0004e+07   +1.7622e-04  |      ---           ---           ---     
