--- multipoles on reference trajectory (rz > 0) ---
effective_length:                   629.7962615183933 mm
perpendicular_grid:                 65 points in [-12.000000,+12.000000] mm
max_fitting_error_normal            0.095/6267.993 G/G
max_fitting_error_skew              342.197/342.197 G/G
r0_for_relative_multipoles          12 mm
main_monomial                       n = 0, skew:False
                                       Nn(s=0)      Integ_Nn     Nn/N0(@r0)   |    Sn(s=0)      Integ_Sn     Sn/S0(@r0)  
<multipole_order n>                    [T/m^n]      [T.m/m^n]        []       |    [T/m^n]      [T.m/m^n]        []      
n=00:                                5.3682e-01    -3.3809e-01   +1.0000e+00  |      ---           ---           ---     
n=01:                                7.3584e+00    +4.5357e+00   -1.6099e-01  |      ---           ---           ---     
n=02:                                4.8752e-01    +8.9886e-01   -3.8285e-04  |      ---           ---           ---     
n=03:                                3.1306e+01    -2.9623e+01   +1.5140e-04  |      ---           ---           ---     
n=04:                                4.8287e+03    +2.4226e+03   -1.4858e-04  |      ---           ---           ---     
n=05:                                3.6769e+05    -4.5011e+04   +3.3128e-05  |      ---           ---           ---     
n=06:                                2.0952e+07    -1.3081e+07   +1.1553e-04  |      ---           ---           ---     
