--- multipoles on reference trajectory (rz > 0) ---
effective_length:                   631.1853652508487 mm
perpendicular_grid:                 65 points in [-12.000000,+12.000000] mm
max_fitting_error_normal            0.095/6267.993 G/G
max_fitting_error_skew              342.197/342.197 G/G
r0_for_relative_multipoles          12 mm
main_monomial                       n = 0, skew:False
                                       Nn(s=0)      Integ_Nn     Nn/N0(@r0)   |    Sn(s=0)      Integ_Sn     Sn/S0(@r0)  
<multipole_order n>                    [T/m^n]      [T.m/m^n]        []       |    [T/m^n]      [T.m/m^n]        []      
n=00:                                5.3682e-01    -3.3883e-01   +1.0000e+00  |      ---           ---           ---     
n=01:                                7.3584e+00    +4.5455e+00   -1.6098e-01  |      ---           ---           ---     
n=02:                                4.8752e-01    +9.0481e-01   -3.8453e-04  |      ---           ---           ---     
n=03:                                3.1306e+01    -2.9678e+01   +1.5136e-04  |      ---           ---           ---     
n=04:                                4.8287e+03    +2.4373e+03   -1.4915e-04  |      ---           ---           ---     
n=05:                                3.6769e+05    -4.5337e+04   +3.3295e-05  |      ---           ---           ---     
n=06:                                2.0952e+07    -1.3143e+07   +1.1582e-04  |      ---           ---           ---     
