--- multipoles on reference trajectory (rz > 0) ---
effective_length:                   631.6894302095567 mm
perpendicular_grid:                 65 points in [-12.000000,+12.000000] mm
max_fitting_error_normal            0.060/6262.167 G/G
max_fitting_error_skew              342.777/342.777 G/G
r0_for_relative_multipoles          12 mm
main_monomial                       n = 0, skew:False
                                       Nn(s=0)      Integ_Nn     Nn/N0(@r0)   |    Sn(s=0)      Integ_Sn     Sn/S0(@r0)  
<multipole_order n>                    [T/m^n]      [T.m/m^n]        []       |    [T/m^n]      [T.m/m^n]        []      
n=00:                                5.3678e-01    -3.3908e-01   +1.0000e+00  |      ---           ---           ---     
n=01:                                7.3585e+00    +4.5521e+00   -1.6110e-01  |      ---           ---           ---     
n=02:                                3.0070e-01    +9.6430e-01   -4.0952e-04  |      ---           ---           ---     
n=03:                                1.8221e+00    -2.7297e+01   +1.3911e-04  |      ---           ---           ---     
n=04:                                2.3895e+03    +1.4343e+03   -8.7711e-05  |      ---           ---           ---     
n=05:                                1.1714e+05    -3.6960e+04   +2.7123e-05  |      ---           ---           ---     
n=06:                                1.1809e+07    -6.9234e+06   +6.0969e-05  |      ---           ---           ---     
