--- multipoles on reference trajectory (rz > 0) ---
effective_length:                   630.9504788257043 mm
perpendicular_grid:                 65 points in [-12.000000,+12.000000] mm
max_fitting_error_normal            0.102/6608.223 G/G
max_fitting_error_skew              350.200/350.200 G/G
r0_for_relative_multipoles          17.5 mm
main_monomial                       n = 0, skew:False
                                       Nn(s=0)      Integ_Nn     Nn/N0(@r0)   |    Sn(s=0)      Integ_Sn     Sn/S0(@r0)  
<multipole_order n>                    [T/m^n]      [T.m/m^n]        []       |    [T/m^n]      [T.m/m^n]        []      
n=00:                                5.6689e-01    -3.5768e-01   +1.0000e+00  |      ---           ---           ---     
n=01:                                7.7364e+00    +4.7794e+00   -2.3384e-01  |      ---           ---           ---     
n=02:                                8.3423e-01    +1.0450e+00   -8.9475e-04  |      ---           ---           ---     
n=03:                                9.4915e+01    -4.9827e+01   +7.4659e-04  |      ---           ---           ---     
n=04:                                6.8890e+03    -6.3385e+02   +1.6620e-04  |      ---           ---           ---     
n=05:                                3.5537e+05    +4.9595e+04   -2.2758e-04  |      ---           ---           ---     
n=06:                                3.7713e+07    -9.9652e+05   +8.0024e-05  |      ---           ---           ---     
