--- multipoles on reference trajectory (rz > 0) ---
effective_length:                   630.2111265481356 mm
perpendicular_grid:                 65 points in [-12.000000,+12.000000] mm
max_fitting_error_normal            0.073/6144.234 G/G
max_fitting_error_skew              366.819/366.819 G/G
r0_for_relative_multipoles          17.5 mm
main_monomial                       n = 0, skew:False
                                       Nn(s=0)      Integ_Nn     Nn/N0(@r0)   |    Sn(s=0)      Integ_Sn     Sn/S0(@r0)  
<multipole_order n>                    [T/m^n]      [T.m/m^n]        []       |    [T/m^n]      [T.m/m^n]        []      
n=00:                                5.9444e-01    -3.7462e-01   +1.0000e+00  |      ---           ---           ---     
n=01:                                8.1129e+00    +5.0060e+00   -2.3385e-01  |      ---           ---           ---     
n=02:                                3.2896e-01    +1.1338e+00   -9.2689e-04  |      ---           ---           ---     
n=03:                                5.7925e+01    -4.1352e+01   +5.9158e-04  |      ---           ---           ---     
n=04:                                3.2771e+03    +9.1336e+02   -2.2866e-04  |      ---           ---           ---     
n=05:                                8.0307e+04    +1.8570e+03   -8.1359e-06  |      ---           ---           ---     
n=06:                                2.4679e+07    -7.5690e+06   +5.8033e-04  |      ---           ---           ---     
