--- multipoles on reference trajectory (rz > 0) ---
effective_length:                   632.4409907159535 mm
perpendicular_grid:                 65 points in [-12.000000,+12.000000] mm
max_fitting_error_normal            0.077/5261.606 G/G
max_fitting_error_skew              330.334/330.334 G/G
r0_for_relative_multipoles          17.5 mm
main_monomial                       n = 0, skew:False
                                       Nn(s=0)      Integ_Nn     Nn/N0(@r0)   |    Sn(s=0)      Integ_Sn     Sn/S0(@r0)  
<multipole_order n>                    [T/m^n]      [T.m/m^n]        []       |    [T/m^n]      [T.m/m^n]        []      
n=00:                                5.3840e-01    -3.4051e-01   +1.0000e+00  |      ---           ---           ---     
n=01:                                7.3525e+00    +4.5507e+00   -2.3388e-01  |      ---           ---           ---     
n=02:                                8.8759e-01    +7.8449e-01   -7.0557e-04  |      ---           ---           ---     
n=03:                                4.4529e+01    -4.0165e+01   +6.3218e-04  |      ---           ---           ---     
n=04:                                6.5881e+03    +8.8650e+02   -2.4418e-04  |      ---           ---           ---     
n=05:                                1.1627e+03    -1.5923e+04   +7.6752e-05  |      ---           ---           ---     
n=06:                                3.5507e+07    -6.1975e+06   +5.2278e-04  |      ---           ---           ---     
