--- multipoles on reference trajectory (rz > 0) ---
effective_length:                   630.834446919845 mm
perpendicular_grid:                 65 points in [-12.000000,+12.000000] mm
max_fitting_error_normal            0.093/4492.082 G/G
max_fitting_error_skew              341.305/341.305 G/G
r0_for_relative_multipoles          12 mm
main_monomial                       n = 0, skew:False
                                       Nn(s=0)      Integ_Nn     Nn/N0(@r0)   |    Sn(s=0)      Integ_Sn     Sn/S0(@r0)  
<multipole_order n>                    [T/m^n]      [T.m/m^n]        []       |    [T/m^n]      [T.m/m^n]        []      
n=00:                                5.3665e-01    -3.3853e-01   +1.0000e+00  |      ---           ---           ---     
n=01:                                7.3479e+00    +4.5380e+00   -1.6086e-01  |      ---           ---           ---     
n=02:                                7.9828e-01    +7.2489e-01   -3.0834e-04  |      ---           ---           ---     
n=03:                                1.2756e+01    -2.7637e+01   +1.4107e-04  |      ---           ---           ---     
n=04:                                6.2161e+03    +9.6870e+02   -5.9335e-05  |      ---           ---           ---     
n=05:                                2.1075e+05    -7.3951e+04   +5.4356e-05  |      ---           ---           ---     
n=06:                                3.9984e+07    -8.3958e+06   +7.4054e-05  |      ---           ---           ---     
