--- multipoles on reference trajectory (rz > 0) ---
effective_length:                   632.3986371587752 mm
perpendicular_grid:                 65 points in [-12.000000,+12.000000] mm
max_fitting_error_normal            0.092/5711.347 G/G
max_fitting_error_skew              381.009/381.009 G/G
r0_for_relative_multipoles          12 mm
main_monomial                       n = 0, skew:False
                                       Nn(s=0)      Integ_Nn     Nn/N0(@r0)   |    Sn(s=0)      Integ_Sn     Sn/S0(@r0)  
<multipole_order n>                    [T/m^n]      [T.m/m^n]        []       |    [T/m^n]      [T.m/m^n]        []      
n=00:                                5.9276e-01    -3.7486e-01   +1.0000e+00  |      ---           ---           ---     
n=01:                                8.1213e+00    +5.0256e+00   -1.6088e-01  |      ---           ---           ---     
n=02:                                2.2996e-01    +1.2256e+00   -4.7080e-04  |      ---           ---           ---     
n=03:                                8.8177e+00    -1.8679e+01   +8.6108e-05  |      ---           ---           ---     
n=04:                                2.5118e+03    +4.6912e+02   -2.5950e-05  |      ---           ---           ---     
n=05:                                1.6877e+05    -7.8756e+04   +5.2278e-05  |      ---           ---           ---     
n=06:                                1.5654e+06    -5.4461e+06   +4.3382e-05  |      ---           ---           ---     
