--- multipoles on reference trajectory (rz > 0) ---
effective_length:                   632.269132181183 mm
perpendicular_grid:                 65 points in [-12.000000,+12.000000] mm
max_fitting_error_normal            0.066/6575.760 G/G
max_fitting_error_skew              351.254/351.254 G/G
r0_for_relative_multipoles          12 mm
main_monomial                       n = 0, skew:False
                                       Nn(s=0)      Integ_Nn     Nn/N0(@r0)   |    Sn(s=0)      Integ_Sn     Sn/S0(@r0)  
<multipole_order n>                    [T/m^n]      [T.m/m^n]        []       |    [T/m^n]      [T.m/m^n]        []      
n=00:                                5.6447e-01    -3.5690e-01   +1.0000e+00  |      ---           ---           ---     
n=01:                                7.7313e+00    +4.7841e+00   -1.6086e-01  |      ---           ---           ---     
n=02:                                7.4037e-01    +8.6250e-01   -3.4800e-04  |      ---           ---           ---     
n=03:                                4.2096e+00    -3.3432e+01   +1.6187e-04  |      ---           ---           ---     
n=04:                                2.7238e+02    +3.0227e+01   -1.7562e-06  |      ---           ---           ---     
n=05:                                1.9729e+05    -5.2578e+04   +3.6658e-05  |      ---           ---           ---     
n=06:                                7.5705e+06    +1.0262e+06   -8.5857e-06  |      ---           ---           ---     
