--- multipoles on reference trajectory (rz > 0) ---
effective_length:                   632.0581494113826 mm
perpendicular_grid:                 65 points in [-12.000000,+12.000000] mm
max_fitting_error_normal            0.058/5000.396 G/G
max_fitting_error_skew              378.998/378.998 G/G
r0_for_relative_multipoles          12 mm
main_monomial                       n = 0, skew:False
                                       Nn(s=0)      Integ_Nn     Nn/N0(@r0)   |    Sn(s=0)      Integ_Sn     Sn/S0(@r0)  
<multipole_order n>                    [T/m^n]      [T.m/m^n]        []       |    [T/m^n]      [T.m/m^n]        []      
n=00:                                5.9266e-01    -3.7460e-01   +1.0000e+00  |      ---           ---           ---     
n=01:                                8.1132e+00    +5.0210e+00   -1.6085e-01  |      ---           ---           ---     
n=02:                                1.2599e+00    +9.0503e-01   -3.4791e-04  |      ---           ---           ---     
n=03:                                4.4929e+01    -6.0119e+01   +2.7733e-04  |      ---           ---           ---     
n=04:                                2.8490e+03    +2.2231e+02   -1.2306e-05  |      ---           ---           ---     
n=05:                                4.0646e+03    +2.4619e+04   -1.6354e-05  |      ---           ---           ---     
n=06:                                6.9756e+06    -3.9220e+05   +3.1263e-06  |      ---           ---           ---     
