--- multipoles on reference trajectory (rz > 0) ---
effective_length:                   632.041644695504 mm
perpendicular_grid:                 65 points in [-12.000000,+12.000000] mm
max_fitting_error_normal            0.075/4504.310 G/G
max_fitting_error_skew              327.720/327.720 G/G
r0_for_relative_multipoles          12 mm
main_monomial                       n = 0, skew:False
                                       Nn(s=0)      Integ_Nn     Nn/N0(@r0)   |    Sn(s=0)      Integ_Sn     Sn/S0(@r0)  
<multipole_order n>                    [T/m^n]      [T.m/m^n]        []       |    [T/m^n]      [T.m/m^n]        []      
n=00:                                5.3692e-01    -3.3935e-01   +1.0000e+00  |      ---           ---           ---     
n=01:                                7.3525e+00    +4.5537e+00   -1.6103e-01  |      ---           ---           ---     
n=02:                                2.2270e-02    +9.3596e-01   -3.9716e-04  |      ---           ---           ---     
n=03:                                3.3156e+01    -3.4354e+01   +1.7493e-04  |      ---           ---           ---     
n=04:                                2.8065e+03    -1.6038e+03   +9.8001e-05  |      ---           ---           ---     
n=05:                                1.4572e+04    -3.1513e+04   +2.3107e-05  |      ---           ---           ---     
n=06:                                6.7537e+04    +3.5328e+06   -3.1086e-05  |      ---           ---           ---     
