--- multipoles on reference trajectory (rz > 0) ---
effective_length:                   632.142058221591 mm
perpendicular_grid:                 65 points in [-12.000000,+12.000000] mm
max_fitting_error_normal            0.107/6283.858 G/G
max_fitting_error_skew              331.525/331.525 G/G
r0_for_relative_multipoles          12 mm
main_monomial                       n = 0, skew:False
                                       Nn(s=0)      Integ_Nn     Nn/N0(@r0)   |    Sn(s=0)      Integ_Sn     Sn/S0(@r0)  
<multipole_order n>                    [T/m^n]      [T.m/m^n]        []       |    [T/m^n]      [T.m/m^n]        []      
n=00:                                5.3682e-01    -3.3935e-01   +1.0000e+00  |      ---           ---           ---     
n=01:                                7.3513e+00    +4.5530e+00   -1.6100e-01  |      ---           ---           ---     
n=02:                                3.3876e-01    +7.9354e-01   -3.3673e-04  |      ---           ---           ---     
n=03:                                2.9534e+01    -3.5038e+01   +1.7842e-04  |      ---           ---           ---     
n=04:                                1.7780e+03    -4.8237e+02   +2.9475e-05  |      ---           ---           ---     
n=05:                                4.5886e+00    -3.0941e+04   +2.2688e-05  |      ---           ---           ---     
n=06:                                8.2141e+06    -1.0812e+06   +9.5135e-06  |      ---           ---           ---     
