--- multipoles on reference trajectory (rz > 0) ---
effective_length:                   630.7849410640248 mm
perpendicular_grid:                 65 points in [-12.000000,+12.000000] mm
max_fitting_error_normal            0.091/4519.537 G/G
max_fitting_error_skew              342.219/342.219 G/G
r0_for_relative_multipoles          17.5 mm
main_monomial                       n = 0, skew:False
                                       Nn(s=0)      Integ_Nn     Nn/N0(@r0)   |    Sn(s=0)      Integ_Sn     Sn/S0(@r0)  
<multipole_order n>                    [T/m^n]      [T.m/m^n]        []       |    [T/m^n]      [T.m/m^n]        []      
n=00:                                5.3836e-01    -3.3959e-01   +1.0000e+00  |      ---           ---           ---     
n=01:                                7.3481e+00    +4.5375e+00   -2.3383e-01  |      ---           ---           ---     
n=02:                                8.1642e-01    +7.4284e-01   -6.6991e-04  |      ---           ---           ---     
n=03:                                1.2517e+01    -2.7574e+01   +4.3518e-04  |      ---           ---           ---     
n=04:                                7.1229e+03    +1.0858e+03   -2.9988e-04  |      ---           ---           ---     
n=05:                                2.0008e+05    -6.9654e+04   +3.3665e-04  |      ---           ---           ---     
n=06:                                4.3887e+07    -8.5914e+06   +7.2668e-04  |      ---           ---           ---     
