--- multipoles on reference trajectory (rz > 0) ---
effective_length:                   631.4560689023068 mm
perpendicular_grid:                 65 points in [-12.000000,+12.000000] mm
max_fitting_error_normal            0.136/4498.275 G/G
max_fitting_error_skew              335.307/335.307 G/G
r0_for_relative_multipoles          12 mm
main_monomial                       n = 0, skew:False
                                       Nn(s=0)      Integ_Nn     Nn/N0(@r0)   |    Sn(s=0)      Integ_Sn     Sn/S0(@r0)  
<multipole_order n>                    [T/m^n]      [T.m/m^n]        []       |    [T/m^n]      [T.m/m^n]        []      
n=00:                                5.3631e-01    -3.3865e-01   +1.0000e+00  |      ---           ---           ---     
n=01:                                7.3540e+00    +4.5480e+00   -1.6115e-01  |      ---           ---           ---     
n=02:                                9.0016e-01    +8.1481e-01   -3.4647e-04  |      ---           ---           ---     
n=03:                                2.1736e+01    -2.9354e+01   +1.4978e-04  |      ---           ---           ---     
n=04:                                1.6229e+04    +5.0752e+03   -3.1076e-04  |      ---           ---           ---     
n=05:                                2.8229e+05    -2.3450e+04   +1.7230e-05  |      ---           ---           ---     
n=06:                                8.1285e+07    -2.4469e+07   +2.1575e-04  |      ---           ---           ---     
