--- multipoles on reference trajectory (rz > 0) ---
effective_length:                   631.374072729388 mm
perpendicular_grid:                 65 points in [-12.000000,+12.000000] mm
max_fitting_error_normal            0.081/6277.436 G/G
max_fitting_error_skew              327.413/327.413 G/G
r0_for_relative_multipoles          12 mm
main_monomial                       n = 0, skew:False
                                       Nn(s=0)      Integ_Nn     Nn/N0(@r0)   |    Sn(s=0)      Integ_Sn     Sn/S0(@r0)  
<multipole_order n>                    [T/m^n]      [T.m/m^n]        []       |    [T/m^n]      [T.m/m^n]        []      
n=00:                                5.3701e-01    -3.3906e-01   +1.0000e+00  |      ---           ---           ---     
n=01:                                7.3565e+00    +4.5545e+00   -1.6119e-01  |      ---           ---           ---     
n=02:                                3.4012e-01    +8.2539e-01   -3.5055e-04  |      ---           ---           ---     
n=03:                                2.2879e+01    -2.9666e+01   +1.5119e-04  |      ---           ---           ---     
n=04:                                1.1052e+03    +4.5299e+02   -2.7704e-05  |      ---           ---           ---     
n=05:                                2.6328e+05    +1.0087e+04   -7.4025e-06  |      ---           ---           ---     
n=06:                                9.4825e+06    -3.9672e+06   +3.4938e-05  |      ---           ---           ---     
