--- multipoles on reference trajectory (rz > 0) ---
effective_length:                   631.2567671357043 mm
perpendicular_grid:                 65 points in [-12.000000,+12.000000] mm
max_fitting_error_normal            0.100/4758.909 G/G
max_fitting_error_skew              356.329/356.329 G/G
r0_for_relative_multipoles          12 mm
main_monomial                       n = 0, skew:False
                                       Nn(s=0)      Integ_Nn     Nn/N0(@r0)   |    Sn(s=0)      Integ_Sn     Sn/S0(@r0)  
<multipole_order n>                    [T/m^n]      [T.m/m^n]        []       |    [T/m^n]      [T.m/m^n]        []      
n=00:                                5.6654e-01    -3.5763e-01   +1.0000e+00  |      ---           ---           ---     
n=01:                                7.7331e+00    +4.7805e+00   -1.6041e-01  |      ---           ---           ---     
n=02:                                1.5152e-01    +9.3851e-01   -3.7789e-04  |      ---           ---           ---     
n=03:                                2.1492e+01    -2.5922e+01   +1.2525e-04  |      ---           ---           ---     
n=04:                                6.6455e+03    -2.0808e+02   +1.2065e-05  |      ---           ---           ---     
n=05:                                1.7393e+05    -3.7337e+04   +2.5979e-05  |      ---           ---           ---     
n=06:                                2.1173e+07    +4.6644e+05   -3.8944e-06  |      ---           ---           ---     
