--- multipoles on reference trajectory (rz > 0) ---
effective_length:                   631.1622660150251 mm
perpendicular_grid:                 65 points in [-12.000000,+12.000000] mm
max_fitting_error_normal            0.230/4092.106 G/G
max_fitting_error_skew              11.125/11.125 G/G
r0_for_relative_multipoles          12 mm
main_monomial                       n = 0, skew:False
                                       Nn(s=0)      Integ_Nn     Nn/N0(@r0)   |    Sn(s=0)      Integ_Sn     Sn/S0(@r0)  
<multipole_order n>                    [T/m^n]      [T.m/m^n]        []       |    [T/m^n]      [T.m/m^n]        []      
n=00:                                5.5249e-01    -3.4871e-01   +1.0000e+00  |      ---           ---           ---     
n=01:                                7.5972e+00    +4.6991e+00   -1.6171e-01  |      ---           ---           ---     
n=02:                                8.3710e-02    +7.6514e-01   -3.1596e-04  |      ---           ---           ---     
n=03:                                1.7378e+01    +6.6044e-01   -3.2727e-06  |      ---           ---           ---     
n=04:                                9.3529e+03    -2.1800e+03   +1.2963e-04  |      ---           ---           ---     
n=05:                                8.2549e+04    -1.6142e+05   +1.1519e-04  |      ---           ---           ---     
n=06:                                2.8825e+07    +7.4349e+06   -6.3664e-05  |      ---           ---           ---     
