--- multipoles on reference trajectory (rz > 0) ---
effective_length:                   632.4397881502709 mm
perpendicular_grid:                 65 points in [-12.000000,+12.000000] mm
max_fitting_error_normal            0.073/6287.120 G/G
max_fitting_error_skew              333.429/333.429 G/G
r0_for_relative_multipoles          12 mm
main_monomial                       n = 0, skew:False
                                       Nn(s=0)      Integ_Nn     Nn/N0(@r0)   |    Sn(s=0)      Integ_Sn     Sn/S0(@r0)  
<multipole_order n>                    [T/m^n]      [T.m/m^n]        []       |    [T/m^n]      [T.m/m^n]        []      
n=00:                                5.3641e-01    -3.3925e-01   +1.0000e+00  |      ---           ---           ---     
n=01:                                7.3471e+00    +4.5480e+00   -1.6087e-01  |      ---           ---           ---     
n=02:                                1.6381e-01    +8.9606e-01   -3.8035e-04  |      ---           ---           ---     
n=03:                                2.8824e+01    -1.3307e+01   +6.7780e-05  |      ---           ---           ---     
n=04:                                6.1645e+02    +1.2583e+03   -7.6914e-05  |      ---           ---           ---     
n=05:                                2.5107e+05    -8.3379e+04   +6.1157e-05  |      ---           ---           ---     
n=06:                                1.5003e+07    -8.7788e+06   +7.7269e-05  |      ---           ---           ---     
