--- multipoles on reference trajectory (rz > 0) ---
effective_length:                   631.1416243100291 mm
perpendicular_grid:                 65 points in [-12.000000,+12.000000] mm
max_fitting_error_normal            0.091/6605.559 G/G
max_fitting_error_skew              345.915/345.915 G/G
r0_for_relative_multipoles          17.5 mm
main_monomial                       n = 0, skew:False
                                       Nn(s=0)      Integ_Nn     Nn/N0(@r0)   |    Sn(s=0)      Integ_Sn     Sn/S0(@r0)  
<multipole_order n>                    [T/m^n]      [T.m/m^n]        []       |    [T/m^n]      [T.m/m^n]        []      
n=00:                                5.6698e-01    -3.5785e-01   +1.0000e+00  |      ---           ---           ---     
n=01:                                7.7439e+00    +4.7884e+00   -2.3417e-01  |      ---           ---           ---     
n=02:                                1.0341e-01    +1.1110e+00   -9.5083e-04  |      ---           ---           ---     
n=03:                                5.4885e+01    -2.5977e+01   +3.8905e-04  |      ---           ---           ---     
n=04:                                5.3348e+01    -4.1835e+02   +1.0965e-04  |      ---           ---           ---     
n=05:                                6.4127e+04    -4.6912e+04   +2.1517e-04  |      ---           ---           ---     
n=06:                                4.9055e+06    +1.5609e+05   -1.2529e-05  |      ---           ---           ---     
