--- multipoles on reference trajectory (rz > 0) ---
effective_length:                   631.201529014931 mm
perpendicular_grid:                 65 points in [-12.000000,+12.000000] mm
max_fitting_error_normal            0.089/6294.776 G/G
max_fitting_error_skew              329.603/329.603 G/G
r0_for_relative_multipoles          17.5 mm
main_monomial                       n = 0, skew:False
                                       Nn(s=0)      Integ_Nn     Nn/N0(@r0)   |    Sn(s=0)      Integ_Sn     Sn/S0(@r0)  
<multipole_order n>                    [T/m^n]      [T.m/m^n]        []       |    [T/m^n]      [T.m/m^n]        []      
n=00:                                5.3840e-01    -3.3984e-01   +1.0000e+00  |      ---           ---           ---     
n=01:                                7.3525e+00    +4.5450e+00   -2.3405e-01  |      ---           ---           ---     
n=02:                                8.8759e-01    +8.6138e-01   -7.7625e-04  |      ---           ---           ---     
n=03:                                4.4529e+01    -4.1258e+01   +6.5065e-04  |      ---           ---           ---     
n=04:                                6.5881e+03    -6.9555e+02   +1.9196e-04  |      ---           ---           ---     
n=05:                                1.1627e+03    +2.1906e+03   -1.0580e-05  |      ---           ---           ---     
n=06:                                3.5507e+07    -9.9433e+05   +8.4040e-05  |      ---           ---           ---     
