--- multipoles on reference trajectory (rz > 0) ---
effective_length:                   631.2003220897021 mm
perpendicular_grid:                 65 points in [-12.000000,+12.000000] mm
max_fitting_error_normal            0.079/4498.903 G/G
max_fitting_error_skew              332.432/332.432 G/G
r0_for_relative_multipoles          12 mm
main_monomial                       n = 0, skew:False
                                       Nn(s=0)      Integ_Nn     Nn/N0(@r0)   |    Sn(s=0)      Integ_Sn     Sn/S0(@r0)  
<multipole_order n>                    [T/m^n]      [T.m/m^n]        []       |    [T/m^n]      [T.m/m^n]        []      
n=00:                                5.3691e-01    -3.3890e-01   +1.0000e+00  |      ---           ---           ---     
n=01:                                7.3556e+00    +4.5535e+00   -1.6124e-01  |      ---           ---           ---     
n=02:                                6.1728e-01    +6.6213e-01   -2.8134e-04  |      ---           ---           ---     
n=03:                                5.9142e+01    -2.3108e+01   +1.1783e-04  |      ---           ---           ---     
n=04:                                3.4655e+03    +2.6149e+03   -1.6000e-04  |      ---           ---           ---     
n=05:                                4.6234e+05    -4.7701e+04   +3.5024e-05  |      ---           ---           ---     
n=06:                                1.7420e+07    -1.1173e+07   +9.8446e-05  |      ---           ---           ---     
