--- multipoles on reference trajectory (rz > 0) ---
effective_length:                   632.0688210820388 mm
perpendicular_grid:                 65 points in [-12.000000,+12.000000] mm
max_fitting_error_normal            0.058/4999.635 G/G
max_fitting_error_skew              378.945/378.945 G/G
r0_for_relative_multipoles          12 mm
main_monomial                       n = 0, skew:False
                                       Nn(s=0)      Integ_Nn     Nn/N0(@r0)   |    Sn(s=0)      Integ_Sn     Sn/S0(@r0)  
<multipole_order n>                    [T/m^n]      [T.m/m^n]        []       |    [T/m^n]      [T.m/m^n]        []      
n=00:                                5.9256e-01    -3.7454e-01   +1.0000e+00  |      ---           ---           ---     
n=01:                                8.1131e+00    +5.0211e+00   -1.6087e-01  |      ---           ---           ---     
n=02:                                1.2623e+00    +9.0267e-01   -3.4705e-04  |      ---           ---           ---     
n=03:                                4.4819e+01    -6.0097e+01   +2.7727e-04  |      ---           ---           ---     
n=04:                                2.8673e+03    +2.2671e+02   -1.2551e-05  |      ---           ---           ---     
n=05:                                4.3690e+03    +2.4546e+04   -1.6307e-05  |      ---           ---           ---     
n=06:                                7.0837e+06    -4.0991e+05   +3.2679e-06  |      ---           ---           ---     
