--- multipoles on reference trajectory (rz > 0) ---
effective_length:                   629.3208530939221 mm
perpendicular_grid:                 65 points in [-12.000000,+12.000000] mm
max_fitting_error_normal            0.077/4488.905 G/G
max_fitting_error_skew              333.187/333.187 G/G
r0_for_relative_multipoles          12 mm
main_monomial                       n = 0, skew:False
                                       Nn(s=0)      Integ_Nn     Nn/N0(@r0)   |    Sn(s=0)      Integ_Sn     Sn/S0(@r0)  
<multipole_order n>                    [T/m^n]      [T.m/m^n]        []       |    [T/m^n]      [T.m/m^n]        []      
n=00:                                5.3712e-01    -3.3802e-01   +1.0000e+00  |      ---           ---           ---     
n=01:                                7.3589e+00    +4.5374e+00   -1.6108e-01  |      ---           ---           ---     
n=02:                                1.0209e-01    +1.0817e+00   -4.6081e-04  |      ---           ---           ---     
n=03:                                4.2965e+00    -3.2886e+01   +1.6812e-04  |      ---           ---           ---     
n=04:                                2.2085e+03    +4.2962e+02   -2.6355e-05  |      ---           ---           ---     
n=05:                                1.7632e+05    -1.4944e+04   +1.1001e-05  |      ---           ---           ---     
n=06:                                2.0294e+07    -4.3412e+06   +3.8349e-05  |      ---           ---           ---     
