--- multipoles on reference trajectory (rz > 0) ---
effective_length:                   631.748542594987 mm
perpendicular_grid:                 65 points in [-12.000000,+12.000000] mm
max_fitting_error_normal            0.125/6292.721 G/G
max_fitting_error_skew              337.801/337.801 G/G
r0_for_relative_multipoles          12 mm
main_monomial                       n = 0, skew:False
                                       Nn(s=0)      Integ_Nn     Nn/N0(@r0)   |    Sn(s=0)      Integ_Sn     Sn/S0(@r0)  
<multipole_order n>                    [T/m^n]      [T.m/m^n]        []       |    [T/m^n]      [T.m/m^n]        []      
n=00:                                5.3671e-01    -3.3906e-01   +1.0000e+00  |      ---           ---           ---     
n=01:                                7.3528e+00    +4.5507e+00   -1.6106e-01  |      ---           ---           ---     
n=02:                                6.0502e-02    +1.0019e+00   -4.2552e-04  |      ---           ---           ---     
n=03:                                5.1110e-01    -1.9082e+01   +9.7251e-05  |      ---           ---           ---     
n=04:                                2.8351e+03    +1.4996e+03   -9.1711e-05  |      ---           ---           ---     
n=05:                                1.1922e+05    -6.4242e+04   +4.7146e-05  |      ---           ---           ---     
n=06:                                2.7088e+07    -1.0476e+07   +9.2255e-05  |      ---           ---           ---     
