--- multipoles on reference trajectory (rz > 0) ---
effective_length:                   630.7412714528188 mm
perpendicular_grid:                 65 points in [-12.000000,+12.000000] mm
max_fitting_error_normal            0.080/5008.796 G/G
max_fitting_error_skew              371.752/371.752 G/G
r0_for_relative_multipoles          17.5 mm
main_monomial                       n = 0, skew:False
                                       Nn(s=0)      Integ_Nn     Nn/N0(@r0)   |    Sn(s=0)      Integ_Sn     Sn/S0(@r0)  
<multipole_order n>                    [T/m^n]      [T.m/m^n]        []       |    [T/m^n]      [T.m/m^n]        []      
n=00:                                5.9513e-01    -3.7537e-01   +1.0000e+00  |      ---           ---           ---     
n=01:                                8.1252e+00    +5.0167e+00   -2.3388e-01  |      ---           ---           ---     
n=02:                                3.5672e-01    +1.1662e+00   -9.5142e-04  |      ---           ---           ---     
n=03:                                7.4921e+01    -3.7665e+01   +5.3777e-04  |      ---           ---           ---     
n=04:                                4.7079e+03    -3.2161e+02   +8.0357e-05  |      ---           ---           ---     
n=05:                                2.8573e+05    -1.2744e+03   +5.5724e-06  |      ---           ---           ---     
n=06:                                2.6821e+07    -1.5499e+06   +1.1860e-04  |      ---           ---           ---     
