--- multipoles on reference trajectory (rz > 0) ---
effective_length:                   631.3255116650727 mm
perpendicular_grid:                 65 points in [-12.000000,+12.000000] mm
max_fitting_error_normal            0.086/6289.748 G/G
max_fitting_error_skew              328.405/328.405 G/G
r0_for_relative_multipoles          17.5 mm
main_monomial                       n = 0, skew:False
                                       Nn(s=0)      Integ_Nn     Nn/N0(@r0)   |    Sn(s=0)      Integ_Sn     Sn/S0(@r0)  
<multipole_order n>                    [T/m^n]      [T.m/m^n]        []       |    [T/m^n]      [T.m/m^n]        []      
n=00:                                5.3882e-01    -3.4017e-01   +1.0000e+00  |      ---           ---           ---     
n=01:                                7.3566e+00    +4.5540e+00   -2.3428e-01  |      ---           ---           ---     
n=02:                                3.7914e-01    +8.5730e-01   -7.7182e-04  |      ---           ---           ---     
n=03:                                2.2982e+01    -2.9413e+01   +4.6341e-04  |      ---           ---           ---     
n=04:                                1.9734e+03    +1.8818e+02   -5.1883e-05  |      ---           ---           ---     
n=05:                                2.5896e+05    +1.0630e+04   -5.1288e-05  |      ---           ---           ---     
n=06:                                1.2689e+07    -2.4934e+06   +2.1053e-04  |      ---           ---           ---     
