--- multipoles on reference trajectory (rz > 0) ---
effective_length:                   631.6196326400626 mm
perpendicular_grid:                 65 points in [-12.000000,+12.000000] mm
max_fitting_error_normal            0.083/6613.714 G/G
max_fitting_error_skew              356.816/356.816 G/G
r0_for_relative_multipoles          12 mm
main_monomial                       n = 0, skew:False
                                       Nn(s=0)      Integ_Nn     Nn/N0(@r0)   |    Sn(s=0)      Integ_Sn     Sn/S0(@r0)  
<multipole_order n>                    [T/m^n]      [T.m/m^n]        []       |    [T/m^n]      [T.m/m^n]        []      
n=00:                                5.6489e-01    -3.5680e-01   +1.0000e+00  |      ---           ---           ---     
n=01:                                7.7440e+00    +4.7873e+00   -1.6101e-01  |      ---           ---           ---     
n=02:                                4.8079e-01    +9.8480e-01   -3.9746e-04  |      ---           ---           ---     
n=03:                                3.6103e+01    -3.4321e+01   +1.6622e-04  |      ---           ---           ---     
n=04:                                5.6014e+03    -5.4353e+02   +3.1589e-05  |      ---           ---           ---     
n=05:                                5.7744e+03    -2.2743e+04   +1.5861e-05  |      ---           ---           ---     
n=06:                                3.3395e+07    +1.8894e+06   -1.5812e-05  |      ---           ---           ---     
