--- multipoles on reference trajectory (rz > 0) ---
effective_length:                   630.9874630264803 mm
perpendicular_grid:                 65 points in [-12.000000,+12.000000] mm
max_fitting_error_normal            0.118/6617.622 G/G
max_fitting_error_skew              352.765/352.765 G/G
r0_for_relative_multipoles          12 mm
main_monomial                       n = 0, skew:False
                                       Nn(s=0)      Integ_Nn     Nn/N0(@r0)   |    Sn(s=0)      Integ_Sn     Sn/S0(@r0)  
<multipole_order n>                    [T/m^n]      [T.m/m^n]        []       |    [T/m^n]      [T.m/m^n]        []      
n=00:                                5.6508e-01    -3.5656e-01   +1.0000e+00  |      ---           ---           ---     
n=01:                                7.7427e+00    +4.7836e+00   -1.6099e-01  |      ---           ---           ---     
n=02:                                3.6992e-02    +1.0664e+00   -4.3067e-04  |      ---           ---           ---     
n=03:                                2.3736e+01    -2.4991e+01   +1.2111e-04  |      ---           ---           ---     
n=04:                                4.7727e+02    -5.0408e+02   +2.9315e-05  |      ---           ---           ---     
n=05:                                2.9758e+04    -5.1060e+04   +3.5633e-05  |      ---           ---           ---     
n=06:                                1.6381e+07    -1.2634e+06   +1.0580e-05  |      ---           ---           ---     
