--- multipoles on reference trajectory (rz > 0) ---
effective_length:                   631.1135852409066 mm
perpendicular_grid:                 65 points in [-12.000000,+12.000000] mm
max_fitting_error_normal            0.059/5638.930 G/G
max_fitting_error_skew              347.499/347.499 G/G
r0_for_relative_multipoles          12 mm
main_monomial                       n = 0, skew:False
                                       Nn(s=0)      Integ_Nn     Nn/N0(@r0)   |    Sn(s=0)      Integ_Sn     Sn/S0(@r0)  
<multipole_order n>                    [T/m^n]      [T.m/m^n]        []       |    [T/m^n]      [T.m/m^n]        []      
n=00:                                5.6473e-01    -3.5641e-01   +1.0000e+00  |      ---           ---           ---     
n=01:                                7.7281e+00    +4.7793e+00   -1.6091e-01  |      ---           ---           ---     
n=02:                                3.7708e-01    +8.0817e-01   -3.2652e-04  |      ---           ---           ---     
n=03:                                4.3506e+01    -2.7874e+01   +1.3514e-04  |      ---           ---           ---     
n=04:                                3.6069e+03    +6.5808e+02   -3.8287e-05  |      ---           ---           ---     
n=05:                                3.4904e+05    -5.9203e+04   +4.1333e-05  |      ---           ---           ---     
n=06:                                1.6633e+07    -2.6576e+06   +2.2265e-05  |      ---           ---           ---     
