--- multipoles on reference trajectory (rz > 0) ---
effective_length:                   632.5249181373623 mm
perpendicular_grid:                 65 points in [-12.000000,+12.000000] mm
max_fitting_error_normal            0.062/6587.288 G/G
max_fitting_error_skew              348.225/348.225 G/G
r0_for_relative_multipoles          12 mm
main_monomial                       n = 0, skew:False
                                       Nn(s=0)      Integ_Nn     Nn/N0(@r0)   |    Sn(s=0)      Integ_Sn     Sn/S0(@r0)  
<multipole_order n>                    [T/m^n]      [T.m/m^n]        []       |    [T/m^n]      [T.m/m^n]        []      
n=00:                                5.6459e-01    -3.5712e-01   +1.0000e+00  |      ---           ---           ---     
n=01:                                7.7300e+00    +4.7861e+00   -1.6082e-01  |      ---           ---           ---     
n=02:                                1.2683e-01    +9.8589e-01   -3.9754e-04  |      ---           ---           ---     
n=03:                                1.9065e+01    -2.2620e+01   +1.0945e-04  |      ---           ---           ---     
n=04:                                3.3689e+03    +9.2014e+01   -5.3428e-06  |      ---           ---           ---     
n=05:                                1.0595e+05    -7.6177e+04   +5.3078e-05  |      ---           ---           ---     
n=06:                                5.5011e+06    -3.6940e+06   +3.0887e-05  |      ---           ---           ---     
