--- multipoles on reference trajectory (rz > 0) ---
effective_length:                   631.1265778358382 mm
perpendicular_grid:                 65 points in [-12.000000,+12.000000] mm
max_fitting_error_normal            0.062/6587.290 G/G
max_fitting_error_skew              348.225/348.225 G/G
r0_for_relative_multipoles          12 mm
main_monomial                       n = 0, skew:False
                                       Nn(s=0)      Integ_Nn     Nn/N0(@r0)   |    Sn(s=0)      Integ_Sn     Sn/S0(@r0)  
<multipole_order n>                    [T/m^n]      [T.m/m^n]        []       |    [T/m^n]      [T.m/m^n]        []      
n=00:                                5.6459e-01    -3.5633e-01   +1.0000e+00  |      ---           ---           ---     
n=01:                                7.7300e+00    +4.7757e+00   -1.6083e-01  |      ---           ---           ---     
n=02:                                1.2683e-01    +9.7913e-01   -3.9569e-04  |      ---           ---           ---     
n=03:                                1.9065e+01    -2.2562e+01   +1.0941e-04  |      ---           ---           ---     
n=04:                                3.3689e+03    +9.0862e+01   -5.2876e-06  |      ---           ---           ---     
n=05:                                1.0595e+05    -7.5905e+04   +5.3006e-05  |      ---           ---           ---     
n=06:                                5.5011e+06    -3.6850e+06   +3.0880e-05  |      ---           ---           ---     
