--- multipoles on reference trajectory (rz > 0) ---
effective_length:                   631.6320912329373 mm
perpendicular_grid:                 65 points in [-12.000000,+12.000000] mm
max_fitting_error_normal            0.090/4527.717 G/G
max_fitting_error_skew              337.436/337.436 G/G
r0_for_relative_multipoles          12 mm
main_monomial                       n = 0, skew:False
                                       Nn(s=0)      Integ_Nn     Nn/N0(@r0)   |    Sn(s=0)      Integ_Sn     Sn/S0(@r0)  
<multipole_order n>                    [T/m^n]      [T.m/m^n]        []       |    [T/m^n]      [T.m/m^n]        []      
n=00:                                5.3879e-01    -3.4032e-01   +1.0000e+00  |      ---           ---           ---     
n=01:                                7.3559e+00    +4.5541e+00   -1.6059e-01  |      ---           ---           ---     
n=02:                                1.3677e+00    +7.6788e-01   -3.2492e-04  |      ---           ---           ---     
n=03:                                5.4377e+01    -3.3733e+01   +1.7129e-04  |      ---           ---           ---     
n=04:                                1.1353e+04    +8.7857e+02   -5.3533e-05  |      ---           ---           ---     
n=05:                                3.8569e+05    +4.3570e+03   -3.1857e-06  |      ---           ---           ---     
n=06:                                3.6876e+07    -2.5571e+06   +2.2436e-05  |      ---           ---           ---     
