--- multipoles on reference trajectory (rz > 0) ---
effective_length:                   631.0041943351699 mm
perpendicular_grid:                 65 points in [-12.000000,+12.000000] mm
max_fitting_error_normal            0.333/4523.924 G/G
max_fitting_error_skew              10.309/10.309 G/G
r0_for_relative_multipoles          12 mm
main_monomial                       n = 0, skew:False
                                       Nn(s=0)      Integ_Nn     Nn/N0(@r0)   |    Sn(s=0)      Integ_Sn     Sn/S0(@r0)  
<multipole_order n>                    [T/m^n]      [T.m/m^n]        []       |    [T/m^n]      [T.m/m^n]        []      
n=00:                                5.7223e-01    -3.6108e-01   +1.0000e+00  |      ---           ---           ---     
n=01:                                7.8728e+00    +4.8666e+00   -1.6174e-01  |      ---           ---           ---     
n=02:                                1.6433e+00    +5.1534e-01   -2.0552e-04  |      ---           ---           ---     
n=03:                                5.0190e+01    -4.6698e+01   +2.2348e-04  |      ---           ---           ---     
n=04:                                5.9635e+03    +1.5320e+03   -8.7978e-05  |      ---           ---           ---     
n=05:                                4.1652e+04    +6.1469e+03   -4.2361e-06  |      ---           ---           ---     
n=06:                                1.0373e+07    -6.5640e+06   +5.4282e-05  |      ---           ---           ---     
