--- multipoles on reference trajectory (rz > 0) ---
effective_length:                   630.5702794910763 mm
perpendicular_grid:                 65 points in [-12.000000,+12.000000] mm
max_fitting_error_normal            0.100/4503.170 G/G
max_fitting_error_skew              339.292/339.292 G/G
r0_for_relative_multipoles          12 mm
main_monomial                       n = 0, skew:False
                                       Nn(s=0)      Integ_Nn     Nn/N0(@r0)   |    Sn(s=0)      Integ_Sn     Sn/S0(@r0)  
<multipole_order n>                    [T/m^n]      [T.m/m^n]        []       |    [T/m^n]      [T.m/m^n]        []      
n=00:                                5.3645e-01    -3.3827e-01   +1.0000e+00  |      ---           ---           ---     
n=01:                                7.3459e+00    +4.5360e+00   -1.6091e-01  |      ---           ---           ---     
n=02:                                4.9273e-02    +7.9528e-01   -3.3855e-04  |      ---           ---           ---     
n=03:                                3.8934e+01    -6.1964e+00   +3.1653e-05  |      ---           ---           ---     
n=04:                                1.1760e+03    +1.2681e+03   -7.7736e-05  |      ---           ---           ---     
n=05:                                3.4309e+05    -1.3505e+05   +9.9340e-05  |      ---           ---           ---     
n=06:                                2.0098e+07    -9.4650e+06   +8.3549e-05  |      ---           ---           ---     
