--- multipoles on reference trajectory (rz > 0) ---
effective_length:                   631.5607118332583 mm
perpendicular_grid:                 65 points in [-12.000000,+12.000000] mm
max_fitting_error_normal            0.086/4725.416 G/G
max_fitting_error_skew              348.508/348.508 G/G
r0_for_relative_multipoles          12 mm
main_monomial                       n = 0, skew:False
                                       Nn(s=0)      Integ_Nn     Nn/N0(@r0)   |    Sn(s=0)      Integ_Sn     Sn/S0(@r0)  
<multipole_order n>                    [T/m^n]      [T.m/m^n]        []       |    [T/m^n]      [T.m/m^n]        []      
n=00:                                5.6448e-01    -3.5650e-01   +1.0000e+00  |      ---           ---           ---     
n=01:                                7.7266e+00    +4.7764e+00   -1.6078e-01  |      ---           ---           ---     
n=02:                                7.0044e-02    +8.7252e-01   -3.5243e-04  |      ---           ---           ---     
n=03:                                1.3458e+01    -1.8378e+01   +8.9080e-05  |      ---           ---           ---     
n=04:                                3.8020e+03    +1.6486e+03   -9.5893e-05  |      ---           ---           ---     
n=05:                                2.9436e+05    -1.3018e+05   +9.0860e-05  |      ---           ---           ---     
n=06:                                3.2917e+06    -1.0815e+07   +9.0588e-05  |      ---           ---           ---     
