--- multipoles on reference trajectory (rz > 0) ---
effective_length:                   631.1954825827239 mm
perpendicular_grid:                 65 points in [-12.000000,+12.000000] mm
max_fitting_error_normal            0.097/5483.700 G/G
max_fitting_error_skew              351.832/351.832 G/G
r0_for_relative_multipoles          17.5 mm
main_monomial                       n = 0, skew:False
                                       Nn(s=0)      Integ_Nn     Nn/N0(@r0)   |    Sn(s=0)      Integ_Sn     Sn/S0(@r0)  
<multipole_order n>                    [T/m^n]      [T.m/m^n]        []       |    [T/m^n]      [T.m/m^n]        []      
n=00:                                5.6632e-01    -3.5746e-01   +1.0000e+00  |      ---           ---           ---     
n=01:                                7.7350e+00    +4.7808e+00   -2.3405e-01  |      ---           ---           ---     
n=02:                                5.9981e-01    +9.2796e-01   -7.9502e-04  |      ---           ---           ---     
n=03:                                6.0151e+01    -3.0685e+01   +4.6006e-04  |      ---           ---           ---     
n=04:                                7.9682e+03    +9.6908e+02   -2.5426e-04  |      ---           ---           ---     
n=05:                                1.6105e+05    -1.9024e+04   +8.7352e-05  |      ---           ---           ---     
n=06:                                4.4363e+07    -5.3574e+06   +4.3048e-04  |      ---           ---           ---     
