--- multipoles on reference trajectory (rz > 0) ---
effective_length:                   631.421109122109 mm
perpendicular_grid:                 65 points in [-12.000000,+12.000000] mm
max_fitting_error_normal            0.090/6603.486 G/G
max_fitting_error_skew              355.320/355.320 G/G
r0_for_relative_multipoles          12 mm
main_monomial                       n = 0, skew:False
                                       Nn(s=0)      Integ_Nn     Nn/N0(@r0)   |    Sn(s=0)      Integ_Sn     Sn/S0(@r0)  
<multipole_order n>                    [T/m^n]      [T.m/m^n]        []       |    [T/m^n]      [T.m/m^n]        []      
n=00:                                5.6698e-01    -3.5800e-01   +1.0000e+00  |      ---           ---           ---     
n=01:                                7.7425e+00    +4.7878e+00   -1.6048e-01  |      ---           ---           ---     
n=02:                                1.8664e-02    +1.1569e+00   -4.6535e-04  |      ---           ---           ---     
n=03:                                1.7218e+01    -2.2562e+01   +1.0890e-04  |      ---           ---           ---     
n=04:                                4.4965e+02    -4.0150e+02   +2.3255e-05  |      ---           ---           ---     
n=05:                                5.7791e+04    -6.1455e+04   +4.2715e-05  |      ---           ---           ---     
n=06:                                1.5906e+07    -1.4095e+06   +1.1756e-05  |      ---           ---           ---     
