--- multipoles on reference trajectory (rz > 0) ---
effective_length:                   631.0952037612282 mm
perpendicular_grid:                 65 points in [-12.000000,+12.000000] mm
max_fitting_error_normal            0.092/6590.949 G/G
max_fitting_error_skew              356.153/356.153 G/G
r0_for_relative_multipoles          12 mm
main_monomial                       n = 0, skew:False
                                       Nn(s=0)      Integ_Nn     Nn/N0(@r0)   |    Sn(s=0)      Integ_Sn     Sn/S0(@r0)  
<multipole_order n>                    [T/m^n]      [T.m/m^n]        []       |    [T/m^n]      [T.m/m^n]        []      
n=00:                                5.6467e-01    -3.5636e-01   +1.0000e+00  |      ---           ---           ---     
n=01:                                7.7352e+00    +4.7794e+00   -1.6094e-01  |      ---           ---           ---     
n=02:                                5.4878e-01    +9.1315e-01   -3.6899e-04  |      ---           ---           ---     
n=03:                                1.6131e+01    -2.3973e+01   +1.1625e-04  |      ---           ---           ---     
n=04:                                5.2498e+03    +2.3015e+03   -1.3392e-04  |      ---           ---           ---     
n=05:                                5.3463e+04    -5.7118e+04   +3.9883e-05  |      ---           ---           ---     
n=06:                                2.8083e+07    -1.2668e+07   +1.0615e-04  |      ---           ---           ---     
