--- multipoles on reference trajectory (rz > 0) ---
effective_length:                   631.3801854675859 mm
perpendicular_grid:                 65 points in [-12.000000,+12.000000] mm
max_fitting_error_normal            0.086/4971.556 G/G
max_fitting_error_skew              368.425/368.425 G/G
r0_for_relative_multipoles          17.5 mm
main_monomial                       n = 0, skew:False
                                       Nn(s=0)      Integ_Nn     Nn/N0(@r0)   |    Sn(s=0)      Integ_Sn     Sn/S0(@r0)  
<multipole_order n>                    [T/m^n]      [T.m/m^n]        []       |    [T/m^n]      [T.m/m^n]        []      
n=00:                                5.9431e-01    -3.7524e-01   +1.0000e+00  |      ---           ---           ---     
n=01:                                8.1042e+00    +5.0098e+00   -2.3365e-01  |      ---           ---           ---     
n=02:                                3.9584e-01    +1.0453e+00   -8.5309e-04  |      ---           ---           ---     
n=03:                                6.6137e+01    -2.2902e+01   +3.2710e-04  |      ---           ---           ---     
n=04:                                6.2439e+02    -5.6131e+01   +1.4030e-05  |      ---           ---           ---     
n=05:                                5.2555e+05    -7.8006e+04   +3.4120e-04  |      ---           ---           ---     
n=06:                                1.4796e+07    -9.5599e+05   +7.3178e-05  |      ---           ---           ---     
