--- multipoles on reference trajectory (rz > 0) ---
effective_length:                   631.730086470785 mm
perpendicular_grid:                 65 points in [-12.000000,+12.000000] mm
max_fitting_error_normal            0.095/6285.276 G/G
max_fitting_error_skew              329.769/329.769 G/G
r0_for_relative_multipoles          17.5 mm
main_monomial                       n = 0, skew:False
                                       Nn(s=0)      Integ_Nn     Nn/N0(@r0)   |    Sn(s=0)      Integ_Sn     Sn/S0(@r0)  
<multipole_order n>                    [T/m^n]      [T.m/m^n]        []       |    [T/m^n]      [T.m/m^n]        []      
n=00:                                5.3861e-01    -3.4025e-01   +1.0000e+00  |      ---           ---           ---     
n=01:                                7.3501e+00    +4.5508e+00   -2.3406e-01  |      ---           ---           ---     
n=02:                                8.2299e-01    +8.2922e-01   -7.4635e-04  |      ---           ---           ---     
n=03:                                7.4038e+01    -4.2245e+01   +6.6541e-04  |      ---           ---           ---     
n=04:                                4.3822e+03    -1.6036e+03   +4.4203e-04  |      ---           ---           ---     
n=05:                                1.9673e+05    +1.9605e+04   -9.4569e-05  |      ---           ---           ---     
n=06:                                2.4664e+07    +3.9369e+06   -3.3234e-04  |      ---           ---           ---     
