--- multipoles on reference trajectory (rz > 0) ---
effective_length:                   630.9165630326788 mm
perpendicular_grid:                 65 points in [-12.000000,+12.000000] mm
max_fitting_error_normal            0.100/4763.779 G/G
max_fitting_error_skew              359.584/359.584 G/G
r0_for_relative_multipoles          12 mm
main_monomial                       n = 0, skew:False
                                       Nn(s=0)      Integ_Nn     Nn/N0(@r0)   |    Sn(s=0)      Integ_Sn     Sn/S0(@r0)  
<multipole_order n>                    [T/m^n]      [T.m/m^n]        []       |    [T/m^n]      [T.m/m^n]        []      
n=00:                                5.6486e-01    -3.5638e-01   +1.0000e+00  |      ---           ---           ---     
n=01:                                7.7410e+00    +4.7810e+00   -1.6099e-01  |      ---           ---           ---     
n=02:                                1.7703e-01    +9.6750e-01   -3.9093e-04  |      ---           ---           ---     
n=03:                                2.7047e+00    -1.4979e+01   +7.2631e-05  |      ---           ---           ---     
n=04:                                3.7236e+03    +1.4459e+03   -8.4133e-05  |      ---           ---           ---     
n=05:                                1.1499e+05    -7.3852e+04   +5.1565e-05  |      ---           ---           ---     
n=06:                                2.0644e+07    -8.1550e+06   +6.8328e-05  |      ---           ---           ---     
