--- multipoles on reference trajectory (rz > 0) ---
effective_length:                   629.3716648405565 mm
perpendicular_grid:                 65 points in [-12.000000,+12.000000] mm
max_fitting_error_normal            0.071/4755.045 G/G
max_fitting_error_skew              347.783/347.783 G/G
r0_for_relative_multipoles          12 mm
main_monomial                       n = 0, skew:False
                                       Nn(s=0)      Integ_Nn     Nn/N0(@r0)   |    Sn(s=0)      Integ_Sn     Sn/S0(@r0)  
<multipole_order n>                    [T/m^n]      [T.m/m^n]        []       |    [T/m^n]      [T.m/m^n]        []      
n=00:                                5.6566e-01    -3.5601e-01   +1.0000e+00  |      ---           ---           ---     
n=01:                                7.7491e+00    +4.7779e+00   -1.6105e-01  |      ---           ---           ---     
n=02:                                6.0906e-02    +1.1772e+00   -4.7617e-04  |      ---           ---           ---     
n=03:                                4.7104e+01    -3.4138e+01   +1.6570e-04  |      ---           ---           ---     
n=04:                                1.1406e+03    +1.0012e+03   -5.8317e-05  |      ---           ---           ---     
n=05:                                1.8486e+04    -1.9133e+04   +1.3373e-05  |      ---           ---           ---     
n=06:                                1.3235e+07    -8.6286e+06   +7.2370e-05  |      ---           ---           ---     
