--- multipoles on reference trajectory (rz > 0) ---
effective_length:                   631.5439451774653 mm
perpendicular_grid:                 65 points in [-12.000000,+12.000000] mm
max_fitting_error_normal            0.060/6932.878 G/G
max_fitting_error_skew              367.560/367.560 G/G
r0_for_relative_multipoles          12 mm
main_monomial                       n = 0, skew:False
                                       Nn(s=0)      Integ_Nn     Nn/N0(@r0)   |    Sn(s=0)      Integ_Sn     Sn/S0(@r0)  
<multipole_order n>                    [T/m^n]      [T.m/m^n]        []       |    [T/m^n]      [T.m/m^n]        []      
n=00:                                5.9299e-01    -3.7450e-01   +1.0000e+00  |      ---           ---           ---     
n=01:                                8.1198e+00    +5.0196e+00   -1.6084e-01  |      ---           ---           ---     
n=02:                                3.0964e-01    +1.1327e+00   -4.3555e-04  |      ---           ---           ---     
n=03:                                4.2260e+01    -2.5840e+01   +1.1923e-04  |      ---           ---           ---     
n=04:                                1.0212e+04    -1.3037e+03   +7.2186e-05  |      ---           ---           ---     
n=05:                                7.6502e+04    -7.3613e+04   +4.8911e-05  |      ---           ---           ---     
n=06:                                3.6571e+07    +4.2849e+06   -3.4164e-05  |      ---           ---           ---     
