--- multipoles on reference trajectory (rz > 0) ---
effective_length:                   631.7520637241458 mm
perpendicular_grid:                 65 points in [-12.000000,+12.000000] mm
max_fitting_error_normal            0.093/6282.978 G/G
max_fitting_error_skew              339.718/339.718 G/G
r0_for_relative_multipoles          17.5 mm
main_monomial                       n = 0, skew:False
                                       Nn(s=0)      Integ_Nn     Nn/N0(@r0)   |    Sn(s=0)      Integ_Sn     Sn/S0(@r0)  
<multipole_order n>                    [T/m^n]      [T.m/m^n]        []       |    [T/m^n]      [T.m/m^n]        []      
n=00:                                5.3854e-01    -3.4022e-01   +1.0000e+00  |      ---           ---           ---     
n=01:                                7.3586e+00    +4.5511e+00   -2.3409e-01  |      ---           ---           ---     
n=02:                                5.4132e-01    +8.9222e-01   -8.0313e-04  |      ---           ---           ---     
n=03:                                2.7441e+01    -3.8670e+01   +6.0916e-04  |      ---           ---           ---     
n=04:                                6.0663e+03    +2.6726e+03   -7.3677e-04  |      ---           ---           ---     
n=05:                                3.4406e+05    +8.9280e+03   -4.3071e-05  |      ---           ---           ---     
n=06:                                2.5765e+07    -1.3726e+07   +1.1588e-03  |      ---           ---           ---     
