--- multipoles on reference trajectory (rz > 0) ---
effective_length:                   631.5380264963989 mm
perpendicular_grid:                 65 points in [-12.000000,+12.000000] mm
max_fitting_error_normal            0.124/4748.179 G/G
max_fitting_error_skew              348.076/348.076 G/G
r0_for_relative_multipoles          12 mm
main_monomial                       n = 0, skew:False
                                       Nn(s=0)      Integ_Nn     Nn/N0(@r0)   |    Sn(s=0)      Integ_Sn     Sn/S0(@r0)  
<multipole_order n>                    [T/m^n]      [T.m/m^n]        []       |    [T/m^n]      [T.m/m^n]        []      
n=00:                                5.6472e-01    -3.5664e-01   +1.0000e+00  |      ---           ---           ---     
n=01:                                7.7336e+00    +4.7810e+00   -1.6087e-01  |      ---           ---           ---     
n=02:                                7.0099e-01    +6.3059e-01   -2.5461e-04  |      ---           ---           ---     
n=03:                                2.6296e+01    -4.2758e+01   +2.0717e-04  |      ---           ---           ---     
n=04:                                1.9487e+03    -3.3881e+02   +1.9699e-05  |      ---           ---           ---     
n=05:                                9.5492e+04    -1.3509e+04   +9.4252e-06  |      ---           ---           ---     
n=06:                                3.1696e+04    -8.5767e+05   +7.1809e-06  |      ---           ---           ---     
