--- multipoles on reference trajectory (rz > 0) ---
effective_length:                   631.6487923050167 mm
perpendicular_grid:                 65 points in [-12.000000,+12.000000] mm
max_fitting_error_normal            0.066/4722.787 G/G
max_fitting_error_skew              349.651/349.651 G/G
r0_for_relative_multipoles          12 mm
main_monomial                       n = 0, skew:False
                                       Nn(s=0)      Integ_Nn     Nn/N0(@r0)   |    Sn(s=0)      Integ_Sn     Sn/S0(@r0)  
<multipole_order n>                    [T/m^n]      [T.m/m^n]        []       |    [T/m^n]      [T.m/m^n]        []      
n=00:                                5.6448e-01    -3.5655e-01   +1.0000e+00  |      ---           ---           ---     
n=01:                                7.7266e+00    +4.7768e+00   -1.6077e-01  |      ---           ---           ---     
n=02:                                7.0044e-02    +1.1949e+00   -4.8257e-04  |      ---           ---           ---     
n=03:                                1.3458e+01    -1.1091e+01   +5.3751e-05  |      ---           ---           ---     
n=04:                                3.8020e+03    -1.6585e+03   +9.6455e-05  |      ---           ---           ---     
n=05:                                2.9436e+05    -1.2019e+05   +8.3881e-05  |      ---           ---           ---     
n=06:                                3.2917e+06    +3.9313e+06   -3.2923e-05  |      ---           ---           ---     
