--- multipoles on reference trajectory (rz > 0) ---
effective_length:                   630.3176305399892 mm
perpendicular_grid:                 65 points in [-12.000000,+12.000000] mm
max_fitting_error_normal            0.074/4487.328 G/G
max_fitting_error_skew              330.519/330.519 G/G
r0_for_relative_multipoles          12 mm
main_monomial                       n = 0, skew:False
                                       Nn(s=0)      Integ_Nn     Nn/N0(@r0)   |    Sn(s=0)      Integ_Sn     Sn/S0(@r0)  
<multipole_order n>                    [T/m^n]      [T.m/m^n]        []       |    [T/m^n]      [T.m/m^n]        []      
n=00:                                5.3665e-01    -3.3826e-01   +1.0000e+00  |      ---           ---           ---     
n=01:                                7.3450e+00    +4.5338e+00   -1.6084e-01  |      ---           ---           ---     
n=02:                                1.2308e+00    +5.4359e-01   -2.3141e-04  |      ---           ---           ---     
n=03:                                3.9821e+01    -3.5632e+01   +1.8203e-04  |      ---           ---           ---     
n=04:                                6.9477e+03    +1.4760e+03   -9.0480e-05  |      ---           ---           ---     
n=05:                                4.5135e+05    -4.3416e+04   +3.1938e-05  |      ---           ---           ---     
n=06:                                2.8364e+07    -8.9010e+06   +7.8574e-05  |      ---           ---           ---     
