--- multipoles on reference trajectory (rz > 0) ---
effective_length:                   632.1099549556623 mm
perpendicular_grid:                 65 points in [-12.000000,+12.000000] mm
max_fitting_error_normal            0.093/4485.781 G/G
max_fitting_error_skew              344.940/344.940 G/G
r0_for_relative_multipoles          12 mm
main_monomial                       n = 0, skew:False
                                       Nn(s=0)      Integ_Nn     Nn/N0(@r0)   |    Sn(s=0)      Integ_Sn     Sn/S0(@r0)  
<multipole_order n>                    [T/m^n]      [T.m/m^n]        []       |    [T/m^n]      [T.m/m^n]        []      
n=00:                                5.3642e-01    -3.3908e-01   +1.0000e+00  |      ---           ---           ---     
n=01:                                7.3402e+00    +4.5455e+00   -1.6087e-01  |      ---           ---           ---     
n=02:                                8.4436e-01    +6.2061e-01   -2.6356e-04  |      ---           ---           ---     
n=03:                                3.3584e+01    -2.2238e+01   +1.1333e-04  |      ---           ---           ---     
n=04:                                4.2198e+03    +1.8600e+03   -1.1375e-04  |      ---           ---           ---     
n=05:                                3.3343e+05    -7.4290e+04   +5.4518e-05  |      ---           ---           ---     
n=06:                                1.8820e+07    -8.3799e+06   +7.3796e-05  |      ---           ---           ---     
