--- multipoles on reference trajectory (rz > 0) ---
effective_length:                   630.0891097652408 mm
perpendicular_grid:                 65 points in [-12.000000,+12.000000] mm
max_fitting_error_normal            0.072/5578.906 G/G
max_fitting_error_skew              329.652/329.652 G/G
r0_for_relative_multipoles          12 mm
main_monomial                       n = 0, skew:False
                                       Nn(s=0)      Integ_Nn     Nn/N0(@r0)   |    Sn(s=0)      Integ_Sn     Sn/S0(@r0)  
<multipole_order n>                    [T/m^n]      [T.m/m^n]        []       |    [T/m^n]      [T.m/m^n]        []      
n=00:                                5.3712e-01    -3.3843e-01   +1.0000e+00  |      ---           ---           ---     
n=01:                                7.3563e+00    +4.5420e+00   -1.6105e-01  |      ---           ---           ---     
n=02:                                3.9407e-02    +8.9680e-01   -3.8158e-04  |      ---           ---           ---     
n=03:                                3.6087e+01    -2.8771e+01   +1.4690e-04  |      ---           ---           ---     
n=04:                                6.6621e+03    -4.8160e+02   +2.9508e-05  |      ---           ---           ---     
n=05:                                3.2913e+04    -5.8965e+04   +4.3354e-05  |      ---           ---           ---     
n=06:                                1.6776e+07    -2.8571e+06   +2.5208e-05  |      ---           ---           ---     
