--- multipoles on reference trajectory (rz > 0) ---
effective_length:                   631.7025885670645 mm
perpendicular_grid:                 65 points in [-12.000000,+12.000000] mm
max_fitting_error_normal            0.074/4487.326 G/G
max_fitting_error_skew              330.512/330.512 G/G
r0_for_relative_multipoles          12 mm
main_monomial                       n = 0, skew:False
                                       Nn(s=0)      Integ_Nn     Nn/N0(@r0)   |    Sn(s=0)      Integ_Sn     Sn/S0(@r0)  
<multipole_order n>                    [T/m^n]      [T.m/m^n]        []       |    [T/m^n]      [T.m/m^n]        []      
n=00:                                5.3665e-01    -3.3900e-01   +1.0000e+00  |      ---           ---           ---     
n=01:                                7.3450e+00    +4.5437e+00   -1.6084e-01  |      ---           ---           ---     
n=02:                                1.2308e+00    +5.4849e-01   -2.3299e-04  |      ---           ---           ---     
n=03:                                3.9821e+01    -3.5701e+01   +1.8198e-04  |      ---           ---           ---     
n=04:                                6.9477e+03    +1.4845e+03   -9.0801e-05  |      ---           ---           ---     
n=05:                                4.5135e+05    -4.3701e+04   +3.2077e-05  |      ---           ---           ---     
n=06:                                2.8364e+07    -8.9377e+06   +7.8725e-05  |      ---           ---           ---     
