--- multipoles on reference trajectory (rz > 0) ---
effective_length:                   630.081481228921 mm
perpendicular_grid:                 65 points in [-12.000000,+12.000000] mm
max_fitting_error_normal            0.062/6573.694 G/G
max_fitting_error_skew              349.546/349.546 G/G
r0_for_relative_multipoles          12 mm
main_monomial                       n = 0, skew:False
                                       Nn(s=0)      Integ_Nn     Nn/N0(@r0)   |    Sn(s=0)      Integ_Sn     Sn/S0(@r0)  
<multipole_order n>                    [T/m^n]      [T.m/m^n]        []       |    [T/m^n]      [T.m/m^n]        []      
n=00:                                5.6447e-01    -3.5566e-01   +1.0000e+00  |      ---           ---           ---     
n=01:                                7.7313e+00    +4.7714e+00   -1.6099e-01  |      ---           ---           ---     
n=02:                                7.4037e-01    +8.9078e-01   -3.6066e-04  |      ---           ---           ---     
n=03:                                4.2096e+00    -5.0547e+01   +2.4559e-04  |      ---           ---           ---     
n=04:                                2.7238e+02    -2.2893e+01   +1.3347e-06  |      ---           ---           ---     
n=05:                                1.9729e+05    +2.2608e+04   -1.5817e-05  |      ---           ---           ---     
n=06:                                7.5705e+06    -5.4748e+05   +4.5965e-06  |      ---           ---           ---     
