--- multipoles on reference trajectory (rz > 0) ---
effective_length:                   632.0661224525003 mm
perpendicular_grid:                 65 points in [-12.000000,+12.000000] mm
max_fitting_error_normal            0.058/5000.594 G/G
max_fitting_error_skew              378.997/378.997 G/G
r0_for_relative_multipoles          12 mm
main_monomial                       n = 0, skew:False
                                       Nn(s=0)      Integ_Nn     Nn/N0(@r0)   |    Sn(s=0)      Integ_Sn     Sn/S0(@r0)  
<multipole_order n>                    [T/m^n]      [T.m/m^n]        []       |    [T/m^n]      [T.m/m^n]        []      
n=00:                                5.9266e-01    -3.7460e-01   +1.0000e+00  |      ---           ---           ---     
n=01:                                8.1132e+00    +5.0210e+00   -1.6084e-01  |      ---           ---           ---     
n=02:                                1.2599e+00    +9.0498e-01   -3.4788e-04  |      ---           ---           ---     
n=03:                                4.4929e+01    -6.0109e+01   +2.7728e-04  |      ---           ---           ---     
n=04:                                2.8490e+03    +2.2161e+02   -1.2267e-05  |      ---           ---           ---     
n=05:                                4.0646e+03    +2.4583e+04   -1.6330e-05  |      ---           ---           ---     
n=06:                                6.9756e+06    -3.8867e+05   +3.0981e-06  |      ---           ---           ---     
