--- multipoles on reference trajectory (rz > 0) ---
effective_length:                   632.6786107220875 mm
perpendicular_grid:                 65 points in [-12.000000,+12.000000] mm
max_fitting_error_normal            0.094/6006.966 G/G
max_fitting_error_skew              376.619/376.619 G/G
r0_for_relative_multipoles          12 mm
main_monomial                       n = 0, skew:False
                                       Nn(s=0)      Integ_Nn     Nn/N0(@r0)   |    Sn(s=0)      Integ_Sn     Sn/S0(@r0)  
<multipole_order n>                    [T/m^n]      [T.m/m^n]        []       |    [T/m^n]      [T.m/m^n]        []      
n=00:                                5.9235e-01    -3.7477e-01   +1.0000e+00  |      ---           ---           ---     
n=01:                                8.1107e+00    +5.0164e+00   -1.6062e-01  |      ---           ---           ---     
n=02:                                5.3478e-01    +1.1146e+00   -4.2828e-04  |      ---           ---           ---     
n=03:                                2.3870e+01    -3.1739e+01   +1.4634e-04  |      ---           ---           ---     
n=04:                                3.7880e+03    +6.3040e+02   -3.4881e-05  |      ---           ---           ---     
n=05:                                1.6009e+04    -1.4613e+04   +9.7026e-06  |      ---           ---           ---     
n=06:                                2.4605e+07    -4.5187e+06   +3.6004e-05  |      ---           ---           ---     
