--- multipoles on reference trajectory (rz > 0) ---
effective_length:                   632.0414025234458 mm
perpendicular_grid:                 65 points in [-12.000000,+12.000000] mm
max_fitting_error_normal            0.099/5006.473 G/G
max_fitting_error_skew              369.573/369.573 G/G
r0_for_relative_multipoles          12 mm
main_monomial                       n = 0, skew:False
                                       Nn(s=0)      Integ_Nn     Nn/N0(@r0)   |    Sn(s=0)      Integ_Sn     Sn/S0(@r0)  
<multipole_order n>                    [T/m^n]      [T.m/m^n]        []       |    [T/m^n]      [T.m/m^n]        []      
n=00:                                5.9479e-01    -3.7593e-01   +1.0000e+00  |      ---           ---           ---     
n=01:                                8.1192e+00    +5.0192e+00   -1.6022e-01  |      ---           ---           ---     
n=02:                                3.3448e-01    +1.0668e+00   -4.0862e-04  |      ---           ---           ---     
n=03:                                2.2504e+01    -2.6154e+01   +1.2022e-04  |      ---           ---           ---     
n=04:                                3.5637e+03    +6.2572e+01   -3.4514e-06  |      ---           ---           ---     
n=05:                                2.9351e+05    -8.8033e+04   +5.8270e-05  |      ---           ---           ---     
n=06:                                2.3214e+07    -2.3254e+06   +1.8470e-05  |      ---           ---           ---     
