--- multipoles on reference trajectory (rz > 0) ---
effective_length:                   630.7134820984475 mm
perpendicular_grid:                 65 points in [-12.000000,+12.000000] mm
max_fitting_error_normal            0.077/4488.905 G/G
max_fitting_error_skew              333.189/333.189 G/G
r0_for_relative_multipoles          12 mm
main_monomial                       n = 0, skew:False
                                       Nn(s=0)      Integ_Nn     Nn/N0(@r0)   |    Sn(s=0)      Integ_Sn     Sn/S0(@r0)  
<multipole_order n>                    [T/m^n]      [T.m/m^n]        []       |    [T/m^n]      [T.m/m^n]        []      
n=00:                                5.3712e-01    -3.3877e-01   +1.0000e+00  |      ---           ---           ---     
n=01:                                7.3589e+00    +4.5473e+00   -1.6107e-01  |      ---           ---           ---     
n=02:                                1.0209e-01    +1.0883e+00   -4.6261e-04  |      ---           ---           ---     
n=03:                                4.2965e+00    -3.2934e+01   +1.6799e-04  |      ---           ---           ---     
n=04:                                2.2085e+03    +4.3439e+02   -2.6589e-05  |      ---           ---           ---     
n=05:                                1.7632e+05    -1.5208e+04   +1.1170e-05  |      ---           ---           ---     
n=06:                                2.0294e+07    -4.3615e+06   +3.8443e-05  |      ---           ---           ---     
