--- multipoles on reference trajectory (rz > 0) ---
effective_length:                   631.5395717653748 mm
perpendicular_grid:                 65 points in [-12.000000,+12.000000] mm
max_fitting_error_normal            0.067/4545.766 G/G
max_fitting_error_skew              329.725/329.725 G/G
r0_for_relative_multipoles          17.5 mm
main_monomial                       n = 0, skew:False
                                       Nn(s=0)      Integ_Nn     Nn/N0(@r0)   |    Sn(s=0)      Integ_Sn     Sn/S0(@r0)  
<multipole_order n>                    [T/m^n]      [T.m/m^n]        []       |    [T/m^n]      [T.m/m^n]        []      
n=00:                                5.3869e-01    -3.4020e-01   +1.0000e+00  |      ---           ---           ---     
n=01:                                7.3543e+00    +4.5497e+00   -2.3404e-01  |      ---           ---           ---     
n=02:                                1.1925e-01    +9.5670e-01   -8.6122e-04  |      ---           ---           ---     
n=03:                                2.4816e+00    -1.1050e+01   +1.7407e-04  |      ---           ---           ---     
n=04:                                5.6701e+02    +2.2366e+02   -6.1659e-05  |      ---           ---           ---     
n=05:                                1.5330e+05    -1.0647e+05   +5.1367e-04  |      ---           ---           ---     
n=06:                                2.6506e+06    -3.3033e+06   +2.7889e-04  |      ---           ---           ---     
