--- multipoles on reference trajectory (rz > 0) ---
effective_length:                   631.3055530827903 mm
perpendicular_grid:                 65 points in [-12.000000,+12.000000] mm
max_fitting_error_normal            0.089/6290.819 G/G
max_fitting_error_skew              329.903/329.903 G/G
r0_for_relative_multipoles          12 mm
main_monomial                       n = 0, skew:False
                                       Nn(s=0)      Integ_Nn     Nn/N0(@r0)   |    Sn(s=0)      Integ_Sn     Sn/S0(@r0)  
<multipole_order n>                    [T/m^n]      [T.m/m^n]        []       |    [T/m^n]      [T.m/m^n]        []      
n=00:                                5.3682e-01    -3.3890e-01   +1.0000e+00  |      ---           ---           ---     
n=01:                                7.3513e+00    +4.5469e+00   -1.6100e-01  |      ---           ---           ---     
n=02:                                3.3876e-01    +8.4822e-01   -3.6041e-04  |      ---           ---           ---     
n=03:                                2.9534e+01    -3.5819e+01   +1.8263e-04  |      ---           ---           ---     
n=04:                                1.7780e+03    +1.9676e+02   -1.2039e-05  |      ---           ---           ---     
n=05:                                4.5886e+00    -8.3152e+03   +6.1053e-06  |      ---           ---           ---     
n=06:                                8.2141e+06    -6.0425e+06   +5.3239e-05  |      ---           ---           ---     
