--- multipoles on reference trajectory (rz > 0) ---
effective_length:                   631.2847655733381 mm
perpendicular_grid:                 65 points in [-12.000000,+12.000000] mm
max_fitting_error_normal            0.064/5257.178 G/G
max_fitting_error_skew              329.910/329.910 G/G
r0_for_relative_multipoles          12 mm
main_monomial                       n = 0, skew:False
                                       Nn(s=0)      Integ_Nn     Nn/N0(@r0)   |    Sn(s=0)      Integ_Sn     Sn/S0(@r0)  
<multipole_order n>                    [T/m^n]      [T.m/m^n]        []       |    [T/m^n]      [T.m/m^n]        []      
n=00:                                5.3839e-01    -3.3988e-01   +1.0000e+00  |      ---           ---           ---     
n=01:                                7.3518e+00    +4.5431e+00   -1.6040e-01  |      ---           ---           ---     
n=02:                                6.8822e-02    +1.0463e+00   -4.4329e-04  |      ---           ---           ---     
n=03:                                3.9602e+01    -3.3425e+01   +1.6994e-04  |      ---           ---           ---     
n=04:                                1.9065e+03    -1.0676e+02   +6.5137e-06  |      ---           ---           ---     
n=05:                                7.6114e+03    -1.3813e+04   +1.0113e-05  |      ---           ---           ---     
n=06:                                2.1236e+07    -4.3938e+06   +3.8602e-05  |      ---           ---           ---     
