--- multipoles on reference trajectory (rz > 0) ---
effective_length:                   632.0304539561156 mm
perpendicular_grid:                 65 points in [-12.000000,+12.000000] mm
max_fitting_error_normal            0.083/6272.316 G/G
max_fitting_error_skew              331.832/331.832 G/G
r0_for_relative_multipoles          17.5 mm
main_monomial                       n = 0, skew:False
                                       Nn(s=0)      Integ_Nn     Nn/N0(@r0)   |    Sn(s=0)      Integ_Sn     Sn/S0(@r0)  
<multipole_order n>                    [T/m^n]      [T.m/m^n]        []       |    [T/m^n]      [T.m/m^n]        []      
n=00:                                5.3840e-01    -3.4029e-01   +1.0000e+00  |      ---           ---           ---     
n=01:                                7.3488e+00    +4.5490e+00   -2.3395e-01  |      ---           ---           ---     
n=02:                                2.9228e-01    +8.9790e-01   -8.0809e-04  |      ---           ---           ---     
n=03:                                2.1504e+01    -4.3113e+01   +6.7902e-04  |      ---           ---           ---     
n=04:                                6.4693e+02    +8.5321e+01   -2.3516e-05  |      ---           ---           ---     
n=05:                                5.0981e+04    +4.1084e+04   -1.9816e-04  |      ---           ---           ---     
n=06:                                3.4117e+06    -1.5356e+06   +1.2962e-04  |      ---           ---           ---     
