--- multipoles on reference trajectory (rz > 0) ---
effective_length:                   632.2776319092607 mm
perpendicular_grid:                 65 points in [-12.000000,+12.000000] mm
max_fitting_error_normal            0.136/5502.165 G/G
max_fitting_error_skew              360.653/360.653 G/G
r0_for_relative_multipoles          12 mm
main_monomial                       n = 0, skew:False
                                       Nn(s=0)      Integ_Nn     Nn/N0(@r0)   |    Sn(s=0)      Integ_Sn     Sn/S0(@r0)  
<multipole_order n>                    [T/m^n]      [T.m/m^n]        []       |    [T/m^n]      [T.m/m^n]        []      
n=00:                                5.6466e-01    -3.5702e-01   +1.0000e+00  |      ---           ---           ---     
n=01:                                7.7333e+00    +4.7870e+00   -1.6090e-01  |      ---           ---           ---     
n=02:                                6.7914e-01    +1.0139e+00   -4.0894e-04  |      ---           ---           ---     
n=03:                                6.8191e+01    -4.6059e+01   +2.2293e-04  |      ---           ---           ---     
n=04:                                1.3953e+03    -1.4752e+03   +8.5682e-05  |      ---           ---           ---     
n=05:                                7.9421e+04    +1.3619e+04   -9.4921e-06  |      ---           ---           ---     
n=06:                                1.7030e+07    +1.8052e+06   -1.5098e-05  |      ---           ---           ---     
