--- multipoles on reference trajectory (rz > 0) ---
effective_length:                   631.4535757090174 mm
perpendicular_grid:                 65 points in [-12.000000,+12.000000] mm
max_fitting_error_normal            0.136/4499.155 G/G
max_fitting_error_skew              335.354/335.354 G/G
r0_for_relative_multipoles          12 mm
main_monomial                       n = 0, skew:False
                                       Nn(s=0)      Integ_Nn     Nn/N0(@r0)   |    Sn(s=0)      Integ_Sn     Sn/S0(@r0)  
<multipole_order n>                    [T/m^n]      [T.m/m^n]        []       |    [T/m^n]      [T.m/m^n]        []      
n=00:                                5.3640e-01    -3.3871e-01   +1.0000e+00  |      ---           ---           ---     
n=01:                                7.3540e+00    +4.5479e+00   -1.6113e-01  |      ---           ---           ---     
n=02:                                9.0315e-01    +8.1572e-01   -3.4680e-04  |      ---           ---           ---     
n=03:                                2.1457e+01    -2.9489e+01   +1.5044e-04  |      ---           ---           ---     
n=04:                                1.6301e+04    +5.0804e+03   -3.1102e-04  |      ---           ---           ---     
n=05:                                2.8015e+05    -2.2499e+04   +1.6529e-05  |      ---           ---           ---     
n=06:                                8.1606e+07    -2.4491e+07   +2.1591e-04  |      ---           ---           ---     
