--- multipoles on reference trajectory (rz > 0) ---
effective_length:                   631.1169050929063 mm
perpendicular_grid:                 65 points in [-12.000000,+12.000000] mm
max_fitting_error_normal            0.059/5640.041 G/G
max_fitting_error_skew              347.552/347.552 G/G
r0_for_relative_multipoles          12 mm
main_monomial                       n = 0, skew:False
                                       Nn(s=0)      Integ_Nn     Nn/N0(@r0)   |    Sn(s=0)      Integ_Sn     Sn/S0(@r0)  
<multipole_order n>                    [T/m^n]      [T.m/m^n]        []       |    [T/m^n]      [T.m/m^n]        []      
n=00:                                5.6483e-01    -3.5647e-01   +1.0000e+00  |      ---           ---           ---     
n=01:                                7.7281e+00    +4.7793e+00   -1.6089e-01  |      ---           ---           ---     
n=02:                                3.7991e-01    +8.0916e-01   -3.2687e-04  |      ---           ---           ---     
n=03:                                4.3540e+01    -2.7909e+01   +1.3529e-04  |      ---           ---           ---     
n=04:                                3.5548e+03    +6.6662e+02   -3.8777e-05  |      ---           ---           ---     
n=05:                                3.4921e+05    -5.8988e+04   +4.1176e-05  |      ---           ---           ---     
n=06:                                1.6451e+07    -2.6856e+06   +2.2496e-05  |      ---           ---           ---     
