--- multipoles on reference trajectory (rz > 0) ---
effective_length:                   629.4896683150736 mm
perpendicular_grid:                 65 points in [-12.000000,+12.000000] mm
max_fitting_error_normal            0.085/6926.959 G/G
max_fitting_error_skew              366.378/366.378 G/G
r0_for_relative_multipoles          12 mm
main_monomial                       n = 0, skew:False
                                       Nn(s=0)      Integ_Nn     Nn/N0(@r0)   |    Sn(s=0)      Integ_Sn     Sn/S0(@r0)  
<multipole_order n>                    [T/m^n]      [T.m/m^n]        []       |    [T/m^n]      [T.m/m^n]        []      
n=00:                                5.9270e-01    -3.7310e-01   +1.0000e+00  |      ---           ---           ---     
n=01:                                8.1209e+00    +5.0036e+00   -1.6093e-01  |      ---           ---           ---     
n=02:                                3.1798e-02    +1.1899e+00   -4.5923e-04  |      ---           ---           ---     
n=03:                                3.2363e+01    -2.8542e+01   +1.3219e-04  |      ---           ---           ---     
n=04:                                4.2299e+03    -1.7387e+03   +9.6630e-05  |      ---           ---           ---     
n=05:                                1.6367e+04    -5.9806e+04   +3.9886e-05  |      ---           ---           ---     
n=06:                                1.1208e+07    +5.4757e+06   -4.3823e-05  |      ---           ---           ---     
