--- multipoles on reference trajectory (rz > 0) ---
effective_length:                   631.0356899569374 mm
perpendicular_grid:                 65 points in [-12.000000,+12.000000] mm
max_fitting_error_normal            0.105/6937.657 G/G
max_fitting_error_skew              374.323/374.323 G/G
r0_for_relative_multipoles          12 mm
main_monomial                       n = 0, skew:False
                                       Nn(s=0)      Integ_Nn     Nn/N0(@r0)   |    Sn(s=0)      Integ_Sn     Sn/S0(@r0)  
<multipole_order n>                    [T/m^n]      [T.m/m^n]        []       |    [T/m^n]      [T.m/m^n]        []      
n=00:                                5.9466e-01    -3.7525e-01   +1.0000e+00  |      ---           ---           ---     
n=01:                                8.1190e+00    +5.0142e+00   -1.6035e-01  |      ---           ---           ---     
n=02:                                1.2626e-01    +1.1573e+00   -4.4411e-04  |      ---           ---           ---     
n=03:                                5.0898e+01    -1.6488e+01   +7.5927e-05  |      ---           ---           ---     
n=04:                                7.5331e+03    -1.7902e+03   +9.8922e-05  |      ---           ---           ---     
n=05:                                7.6866e+04    -1.2007e+05   +7.9622e-05  |      ---           ---           ---     
n=06:                                2.2395e+07    +5.9565e+06   -4.7397e-05  |      ---           ---           ---     
