--- multipoles on reference trajectory (rz > 0) ---
effective_length:                   629.6681251568122 mm
perpendicular_grid:                 65 points in [-12.000000,+12.000000] mm
max_fitting_error_normal            0.079/4975.629 G/G
max_fitting_error_skew              366.822/366.822 G/G
r0_for_relative_multipoles          17.5 mm
main_monomial                       n = 0, skew:False
                                       Nn(s=0)      Integ_Nn     Nn/N0(@r0)   |    Sn(s=0)      Integ_Sn     Sn/S0(@r0)  
<multipole_order n>                    [T/m^n]      [T.m/m^n]        []       |    [T/m^n]      [T.m/m^n]        []      
n=00:                                5.9501e-01    -3.7466e-01   +1.0000e+00  |      ---           ---           ---     
n=01:                                8.1254e+00    +5.0117e+00   -2.3409e-01  |      ---           ---           ---     
n=02:                                3.4651e-01    +1.2941e+00   -1.0578e-03  |      ---           ---           ---     
n=03:                                4.0338e+01    -1.5770e+01   +2.2559e-04  |      ---           ---           ---     
n=04:                                2.7201e+03    -5.9622e+02   +1.4925e-04  |      ---           ---           ---     
n=05:                                4.4331e+05    -1.1421e+05   +5.0033e-04  |      ---           ---           ---     
n=06:                                5.3992e+06    -7.5780e+05   +5.8096e-05  |      ---           ---           ---     
