--- multipoles on reference trajectory (rz > 0) ---
effective_length:                   631.2795599775869 mm
perpendicular_grid:                 65 points in [-12.000000,+12.000000] mm
max_fitting_error_normal            0.104/5782.720 G/G
max_fitting_error_skew              366.472/366.472 G/G
r0_for_relative_multipoles          12 mm
main_monomial                       n = 0, skew:False
                                       Nn(s=0)      Integ_Nn     Nn/N0(@r0)   |    Sn(s=0)      Integ_Sn     Sn/S0(@r0)  
<multipole_order n>                    [T/m^n]      [T.m/m^n]        []       |    [T/m^n]      [T.m/m^n]        []      
n=00:                                5.9313e-01    -3.7443e-01   +1.0000e+00  |      ---           ---           ---     
n=01:                                8.1173e+00    +5.0161e+00   -1.6076e-01  |      ---           ---           ---     
n=02:                                1.0138e+00    +8.3102e-01   -3.1960e-04  |      ---           ---           ---     
n=03:                                1.3534e+01    -3.9801e+01   +1.8368e-04  |      ---           ---           ---     
n=04:                                6.1362e+03    +1.2552e+03   -6.9512e-05  |      ---           ---           ---     
n=05:                                3.8750e+05    -6.3409e+04   +4.2139e-05  |      ---           ---           ---     
n=06:                                2.8403e+07    -6.1772e+06   +4.9262e-05  |      ---           ---           ---     
