--- multipoles on reference trajectory (rz > 0) ---
effective_length:                   631.6138049087856 mm
perpendicular_grid:                 65 points in [-12.000000,+12.000000] mm
max_fitting_error_normal            0.083/6613.588 G/G
max_fitting_error_skew              356.817/356.817 G/G
r0_for_relative_multipoles          12 mm
main_monomial                       n = 0, skew:False
                                       Nn(s=0)      Integ_Nn     Nn/N0(@r0)   |    Sn(s=0)      Integ_Sn     Sn/S0(@r0)  
<multipole_order n>                    [T/m^n]      [T.m/m^n]        []       |    [T/m^n]      [T.m/m^n]        []      
n=00:                                5.6489e-01    -3.5679e-01   +1.0000e+00  |      ---           ---           ---     
n=01:                                7.7440e+00    +4.7873e+00   -1.6101e-01  |      ---           ---           ---     
n=02:                                4.8079e-01    +9.8489e-01   -3.9750e-04  |      ---           ---           ---     
n=03:                                3.6103e+01    -3.4318e+01   +1.6621e-04  |      ---           ---           ---     
n=04:                                5.6014e+03    -5.4404e+02   +3.1619e-05  |      ---           ---           ---     
n=05:                                5.7744e+03    -2.2755e+04   +1.5870e-05  |      ---           ---           ---     
n=06:                                3.3395e+07    +1.8918e+06   -1.5832e-05  |      ---           ---           ---     
