--- multipoles on reference trajectory (rz > 0) ---
effective_length:                   630.4519612997398 mm
perpendicular_grid:                 65 points in [-12.000000,+12.000000] mm
max_fitting_error_normal            0.060/6630.347 G/G
max_fitting_error_skew              351.404/351.404 G/G
r0_for_relative_multipoles          12 mm
main_monomial                       n = 0, skew:False
                                       Nn(s=0)      Integ_Nn     Nn/N0(@r0)   |    Sn(s=0)      Integ_Sn     Sn/S0(@r0)  
<multipole_order n>                    [T/m^n]      [T.m/m^n]        []       |    [T/m^n]      [T.m/m^n]        []      
n=00:                                5.6747e-01    -3.5776e-01   +1.0000e+00  |      ---           ---           ---     
n=01:                                7.7490e+00    +4.7826e+00   -1.6042e-01  |      ---           ---           ---     
n=02:                                7.5766e-02    +1.2277e+00   -4.9414e-04  |      ---           ---           ---     
n=03:                                4.5250e+01    -3.8430e+01   +1.8562e-04  |      ---           ---           ---     
n=04:                                1.5518e+03    -9.4835e+02   +5.4966e-05  |      ---           ---           ---     
n=05:                                1.5660e+04    +2.5758e+03   -1.7915e-06  |      ---           ---           ---     
n=06:                                1.5756e+07    +8.1474e+05   -6.8000e-06  |      ---           ---           ---     
