--- multipoles on reference trajectory (rz > 0) ---
effective_length:                   632.4160332023356 mm
perpendicular_grid:                 65 points in [-12.000000,+12.000000] mm
max_fitting_error_normal            0.092/5711.503 G/G
max_fitting_error_skew              381.010/381.010 G/G
r0_for_relative_multipoles          12 mm
main_monomial                       n = 0, skew:False
                                       Nn(s=0)      Integ_Nn     Nn/N0(@r0)   |    Sn(s=0)      Integ_Sn     Sn/S0(@r0)  
<multipole_order n>                    [T/m^n]      [T.m/m^n]        []       |    [T/m^n]      [T.m/m^n]        []      
n=00:                                5.9276e-01    -3.7487e-01   +1.0000e+00  |      ---           ---           ---     
n=01:                                8.1213e+00    +5.0256e+00   -1.6087e-01  |      ---           ---           ---     
n=02:                                2.2996e-01    +1.2257e+00   -4.7082e-04  |      ---           ---           ---     
n=03:                                8.8177e+00    -1.8686e+01   +8.6134e-05  |      ---           ---           ---     
n=04:                                2.5118e+03    +4.6752e+02   -2.5861e-05  |      ---           ---           ---     
n=05:                                1.6877e+05    -7.8711e+04   +5.2247e-05  |      ---           ---           ---     
n=06:                                1.5654e+06    -5.4383e+06   +4.3318e-05  |      ---           ---           ---     
