--- multipoles on reference trajectory (rz > 0) ---
effective_length:                   630.5402159676095 mm
perpendicular_grid:                 65 points in [-12.000000,+12.000000] mm
max_fitting_error_normal            0.096/6278.847 G/G
max_fitting_error_skew              331.462/331.462 G/G
r0_for_relative_multipoles          12 mm
main_monomial                       n = 0, skew:False
                                       Nn(s=0)      Integ_Nn     Nn/N0(@r0)   |    Sn(s=0)      Integ_Sn     Sn/S0(@r0)  
<multipole_order n>                    [T/m^n]      [T.m/m^n]        []       |    [T/m^n]      [T.m/m^n]        []      
n=00:                                5.3861e-01    -3.3961e-01   +1.0000e+00  |      ---           ---           ---     
n=01:                                7.3501e+00    +4.5436e+00   -1.6055e-01  |      ---           ---           ---     
n=02:                                8.2299e-01    +8.5593e-01   -3.6292e-04  |      ---           ---           ---     
n=03:                                7.4038e+01    -4.8440e+01   +2.4647e-04  |      ---           ---           ---     
n=04:                                4.3822e+03    -3.8121e+02   +2.3276e-05  |      ---           ---           ---     
n=05:                                1.9673e+05    +5.4721e+04   -4.0094e-05  |      ---           ---           ---     
n=06:                                2.4664e+07    -1.3113e+06   +1.1530e-05  |      ---           ---           ---     
