--- multipoles on reference trajectory (rz > 0) ---
effective_length:                   632.6682356284662 mm
perpendicular_grid:                 65 points in [-12.000000,+12.000000] mm
max_fitting_error_normal            0.094/6007.559 G/G
max_fitting_error_skew              376.675/376.675 G/G
r0_for_relative_multipoles          12 mm
main_monomial                       n = 0, skew:False
                                       Nn(s=0)      Integ_Nn     Nn/N0(@r0)   |    Sn(s=0)      Integ_Sn     Sn/S0(@r0)  
<multipole_order n>                    [T/m^n]      [T.m/m^n]        []       |    [T/m^n]      [T.m/m^n]        []      
n=00:                                5.9244e-01    -3.7482e-01   +1.0000e+00  |      ---           ---           ---     
n=01:                                8.1107e+00    +5.0163e+00   -1.6060e-01  |      ---           ---           ---     
n=02:                                5.3342e-01    +1.1163e+00   -4.2885e-04  |      ---           ---           ---     
n=03:                                2.3814e+01    -3.1713e+01   +1.4620e-04  |      ---           ---           ---     
n=04:                                3.7764e+03    +6.2310e+02   -3.4471e-05  |      ---           ---           ---     
n=05:                                1.6003e+04    -1.4677e+04   +9.7438e-06  |      ---           ---           ---     
n=06:                                2.4532e+07    -4.4691e+06   +3.5603e-05  |      ---           ---           ---     
