--- multipoles on reference trajectory (rz > 0) ---
effective_length:                   629.5892428547128 mm
perpendicular_grid:                 65 points in [-12.000000,+12.000000] mm
max_fitting_error_normal            0.078/4965.973 G/G
max_fitting_error_skew              373.691/373.691 G/G
r0_for_relative_multipoles          12 mm
main_monomial                       n = 0, skew:False
                                       Nn(s=0)      Integ_Nn     Nn/N0(@r0)   |    Sn(s=0)      Integ_Sn     Sn/S0(@r0)  
<multipole_order n>                    [T/m^n]      [T.m/m^n]        []       |    [T/m^n]      [T.m/m^n]        []      
n=00:                                5.9309e-01    -3.7341e-01   +1.0000e+00  |      ---           ---           ---     
n=01:                                8.1212e+00    +5.0086e+00   -1.6096e-01  |      ---           ---           ---     
n=02:                                6.6963e-01    +1.1009e+00   -4.2454e-04  |      ---           ---           ---     
n=03:                                4.4017e+01    -4.3241e+01   +2.0010e-04  |      ---           ---           ---     
n=04:                                6.2920e+03    +7.5941e+02   -4.2172e-05  |      ---           ---           ---     
n=05:                                4.2479e+04    -3.6939e+03   +2.4616e-06  |      ---           ---           ---     
n=06:                                3.5339e+07    -7.5235e+06   +6.0163e-05  |      ---           ---           ---     
