--- multipoles on reference trajectory (rz > 0) ---
effective_length:                   631.22194307996 mm
perpendicular_grid:                 65 points in [-12.000000,+12.000000] mm
max_fitting_error_normal            0.102/6929.399 G/G
max_fitting_error_skew              373.432/373.432 G/G
r0_for_relative_multipoles          17.5 mm
main_monomial                       n = 0, skew:False
                                       Nn(s=0)      Integ_Nn     Nn/N0(@r0)   |    Sn(s=0)      Integ_Sn     Sn/S0(@r0)  
<multipole_order n>                    [T/m^n]      [T.m/m^n]        []       |    [T/m^n]      [T.m/m^n]        []      
n=00:                                5.9513e-01    -3.7566e-01   +1.0000e+00  |      ---           ---           ---     
n=01:                                8.1252e+00    +5.0216e+00   -2.3393e-01  |      ---           ---           ---     
n=02:                                3.5672e-01    +1.2488e+00   -1.0181e-03  |      ---           ---           ---     
n=03:                                7.4921e+01    -4.0551e+01   +5.7853e-04  |      ---           ---           ---     
n=04:                                4.7079e+03    -4.7875e+02   +1.1953e-04  |      ---           ---           ---     
n=05:                                2.8573e+05    +2.9567e+04   -1.2918e-04  |      ---           ---           ---     
n=06:                                2.6821e+07    -7.2724e+05   +5.5605e-05  |      ---           ---           ---     
