--- multipoles on reference trajectory (rz > 0) ---
effective_length:                   630.8733098550987 mm
perpendicular_grid:                 65 points in [-12.000000,+12.000000] mm
max_fitting_error_normal            0.108/6075.440 G/G
max_fitting_error_skew              370.140/370.140 G/G
r0_for_relative_multipoles          12 mm
main_monomial                       n = 0, skew:False
                                       Nn(s=0)      Integ_Nn     Nn/N0(@r0)   |    Sn(s=0)      Integ_Sn     Sn/S0(@r0)  
<multipole_order n>                    [T/m^n]      [T.m/m^n]        []       |    [T/m^n]      [T.m/m^n]        []      
n=00:                                5.9300e-01    -3.7411e-01   +1.0000e+00  |      ---           ---           ---     
n=01:                                8.1241e+00    +5.0106e+00   -1.6072e-01  |      ---           ---           ---     
n=02:                                3.7848e-01    +1.1200e+00   -4.3111e-04  |      ---           ---           ---     
n=03:                                4.1998e+01    -2.5256e+01   +1.1666e-04  |      ---           ---           ---     
n=04:                                8.2021e+03    -1.1216e+03   +6.2168e-05  |      ---           ---           ---     
n=05:                                4.3208e+04    -8.3381e+04   +5.5459e-05  |      ---           ---           ---     
n=06:                                2.3180e+07    +1.4515e+06   -1.1585e-05  |      ---           ---           ---     
