--- multipoles on reference trajectory (rz > 0) ---
effective_length:                   629.5881232743574 mm
perpendicular_grid:                 65 points in [-12.000000,+12.000000] mm
max_fitting_error_normal            0.110/5899.826 G/G
max_fitting_error_skew              360.353/360.353 G/G
r0_for_relative_multipoles          12 mm
main_monomial                       n = 0, skew:False
                                       Nn(s=0)      Integ_Nn     Nn/N0(@r0)   |    Sn(s=0)      Integ_Sn     Sn/S0(@r0)  
<multipole_order n>                    [T/m^n]      [T.m/m^n]        []       |    [T/m^n]      [T.m/m^n]        []      
n=00:                                5.6489e-01    -3.5565e-01   +1.0000e+00  |      ---           ---           ---     
n=01:                                7.7440e+00    +4.7704e+00   -1.6096e-01  |      ---           ---           ---     
n=02:                                4.8079e-01    +9.2133e-01   -3.7304e-04  |      ---           ---           ---     
n=03:                                3.6103e+01    -3.4587e+01   +1.6805e-04  |      ---           ---           ---     
n=04:                                5.6014e+03    +8.8658e+02   -5.1692e-05  |      ---           ---           ---     
n=05:                                5.7744e+03    -1.6658e+04   +1.1655e-05  |      ---           ---           ---     
n=06:                                3.3395e+07    -4.7074e+06   +3.9523e-05  |      ---           ---           ---     
