--- multipoles on reference trajectory (rz > 0) ---
effective_length:                   630.8717906073001 mm
perpendicular_grid:                 65 points in [-12.000000,+12.000000] mm
max_fitting_error_normal            0.094/6174.198 G/G
max_fitting_error_skew              367.839/367.839 G/G
r0_for_relative_multipoles          12 mm
main_monomial                       n = 0, skew:False
                                       Nn(s=0)      Integ_Nn     Nn/N0(@r0)   |    Sn(s=0)      Integ_Sn     Sn/S0(@r0)  
<multipole_order n>                    [T/m^n]      [T.m/m^n]        []       |    [T/m^n]      [T.m/m^n]        []      
n=00:                                5.9521e-01    -3.7550e-01   +1.0000e+00  |      ---           ---           ---     
n=01:                                8.1273e+00    +5.0187e+00   -1.6038e-01  |      ---           ---           ---     
n=02:                                1.4537e-02    +1.2273e+00   -4.7066e-04  |      ---           ---           ---     
n=03:                                7.7273e+01    -1.8299e+01   +8.4210e-05  |      ---           ---           ---     
n=04:                                1.7780e+03    -9.5978e+02   +5.3001e-05  |      ---           ---           ---     
n=05:                                2.0453e+05    -9.1049e+04   +6.0336e-05  |      ---           ---           ---     
n=06:                                2.1424e+07    -1.1480e+04   +9.1289e-08  |      ---           ---           ---     
