--- multipoles on reference trajectory (rz > 0) ---
effective_length:                   632.4820287087978 mm
perpendicular_grid:                 65 points in [-12.000000,+12.000000] mm
max_fitting_error_normal            0.085/4500.279 G/G
max_fitting_error_skew              332.977/332.977 G/G
r0_for_relative_multipoles          12 mm
main_monomial                       n = 0, skew:False
                                       Nn(s=0)      Integ_Nn     Nn/N0(@r0)   |    Sn(s=0)      Integ_Sn     Sn/S0(@r0)  
<multipole_order n>                    [T/m^n]      [T.m/m^n]        []       |    [T/m^n]      [T.m/m^n]        []      
n=00:                                5.3704e-01    -3.3967e-01   +1.0000e+00  |      ---           ---           ---     
n=01:                                7.3589e+00    +4.5539e+00   -1.6088e-01  |      ---           ---           ---     
n=02:                                1.0096e-01    +8.8450e-01   -3.7498e-04  |      ---           ---           ---     
n=03:                                4.4343e+00    -3.2674e+01   +1.6622e-04  |      ---           ---           ---     
n=04:                                2.1661e+03    +7.1156e+02   -4.3439e-05  |      ---           ---           ---     
n=05:                                1.7597e+05    -4.3189e+04   +3.1640e-05  |      ---           ---           ---     
n=06:                                2.0108e+07    -5.3593e+06   +4.7114e-05  |      ---           ---           ---     
