--- multipoles on reference trajectory (rz > 0) ---
effective_length:                   630.9451778471969 mm
perpendicular_grid:                 65 points in [-12.000000,+12.000000] mm
max_fitting_error_normal            0.086/6483.282 G/G
max_fitting_error_skew              350.423/350.423 G/G
r0_for_relative_multipoles          12 mm
main_monomial                       n = 0, skew:False
                                       Nn(s=0)      Integ_Nn     Nn/N0(@r0)   |    Sn(s=0)      Integ_Sn     Sn/S0(@r0)  
<multipole_order n>                    [T/m^n]      [T.m/m^n]        []       |    [T/m^n]      [T.m/m^n]        []      
n=00:                                5.6497e-01    -3.5646e-01   +1.0000e+00  |      ---           ---           ---     
n=01:                                7.7445e+00    +4.7798e+00   -1.6091e-01  |      ---           ---           ---     
n=02:                                5.7156e-01    +8.8080e-01   -3.5581e-04  |      ---           ---           ---     
n=03:                                4.4580e+01    -3.8789e+01   +1.8803e-04  |      ---           ---           ---     
n=04:                                7.4236e+03    +3.6784e+02   -2.1398e-05  |      ---           ---           ---     
n=05:                                3.4018e+04    -1.5349e+04   +1.0714e-05  |      ---           ---           ---     
n=06:                                4.0676e+07    -3.4379e+06   +2.8799e-05  |      ---           ---           ---     
