--- multipoles on reference trajectory (rz > 0) ---
effective_length:                   631.081657372489 mm
perpendicular_grid:                 65 points in [-12.000000,+12.000000] mm
max_fitting_error_normal            0.092/4763.515 G/G
max_fitting_error_skew              349.960/349.960 G/G
r0_for_relative_multipoles          12 mm
main_monomial                       n = 0, skew:False
                                       Nn(s=0)      Integ_Nn     Nn/N0(@r0)   |    Sn(s=0)      Integ_Sn     Sn/S0(@r0)  
<multipole_order n>                    [T/m^n]      [T.m/m^n]        []       |    [T/m^n]      [T.m/m^n]        []      
n=00:                                5.6707e-01    -3.5787e-01   +1.0000e+00  |      ---           ---           ---     
n=01:                                7.7426e+00    +4.7859e+00   -1.6048e-01  |      ---           ---           ---     
n=02:                                5.6422e-01    +1.0023e+00   -4.0332e-04  |      ---           ---           ---     
n=03:                                1.5342e+01    -1.7541e+01   +8.4700e-05  |      ---           ---           ---     
n=04:                                8.7869e+03    +1.9982e+02   -1.1578e-05  |      ---           ---           ---     
n=05:                                5.6468e+04    -6.4942e+04   +4.5155e-05  |      ---           ---           ---     
n=06:                                4.9930e+07    -4.8785e+06   +4.0705e-05  |      ---           ---           ---     
