--- multipoles on reference trajectory (rz > 0) ---
effective_length:                   630.9035073705747 mm
perpendicular_grid:                 65 points in [-12.000000,+12.000000] mm
max_fitting_error_normal            0.104/6581.311 G/G
max_fitting_error_skew              348.091/348.091 G/G
r0_for_relative_multipoles          12 mm
main_monomial                       n = 0, skew:False
                                       Nn(s=0)      Integ_Nn     Nn/N0(@r0)   |    Sn(s=0)      Integ_Sn     Sn/S0(@r0)  
<multipole_order n>                    [T/m^n]      [T.m/m^n]        []       |    [T/m^n]      [T.m/m^n]        []      
n=00:                                5.6497e-01    -3.5644e-01   +1.0000e+00  |      ---           ---           ---     
n=01:                                7.7257e+00    +4.7787e+00   -1.6088e-01  |      ---           ---           ---     
n=02:                                1.0193e+00    +8.4558e-01   -3.4161e-04  |      ---           ---           ---     
n=03:                                3.0482e+01    -3.0703e+01   +1.4884e-04  |      ---           ---           ---     
n=04:                                7.4546e+03    +6.0241e+02   -3.5045e-05  |      ---           ---           ---     
n=05:                                1.0173e+05    -2.6745e+04   +1.8671e-05  |      ---           ---           ---     
n=06:                                4.3751e+07    -6.2749e+06   +5.2566e-05  |      ---           ---           ---     
