--- multipoles on reference trajectory (rz > 0) ---
effective_length:                   631.3717039218408 mm
perpendicular_grid:                 65 points in [-12.000000,+12.000000] mm
max_fitting_error_normal            0.082/6278.319 G/G
max_fitting_error_skew              327.461/327.461 G/G
r0_for_relative_multipoles          12 mm
main_monomial                       n = 0, skew:False
                                       Nn(s=0)      Integ_Nn     Nn/N0(@r0)   |    Sn(s=0)      Integ_Sn     Sn/S0(@r0)  
<multipole_order n>                    [T/m^n]      [T.m/m^n]        []       |    [T/m^n]      [T.m/m^n]        []      
n=00:                                5.3710e-01    -3.3911e-01   +1.0000e+00  |      ---           ---           ---     
n=01:                                7.3565e+00    +4.5544e+00   -1.6117e-01  |      ---           ---           ---     
n=02:                                3.4207e-01    +8.2694e-01   -3.5115e-04  |      ---           ---           ---     
n=03:                                2.2899e+01    -2.9656e+01   +1.5112e-04  |      ---           ---           ---     
n=04:                                1.1490e+03    +4.4036e+02   -2.6927e-05  |      ---           ---           ---     
n=05:                                2.6314e+05    +1.0138e+04   -7.4387e-06  |      ---           ---           ---     
n=06:                                9.6463e+06    -3.8969e+06   +3.4314e-05  |      ---           ---           ---     
