--- multipoles on reference trajectory (rz > 0) ---
effective_length:                   632.0977841054789 mm
perpendicular_grid:                 65 points in [-12.000000,+12.000000] mm
max_fitting_error_normal            0.084/4983.556 G/G
max_fitting_error_skew              365.091/365.091 G/G
r0_for_relative_multipoles          12 mm
main_monomial                       n = 0, skew:False
                                       Nn(s=0)      Integ_Nn     Nn/N0(@r0)   |    Sn(s=0)      Integ_Sn     Sn/S0(@r0)  
<multipole_order n>                    [T/m^n]      [T.m/m^n]        []       |    [T/m^n]      [T.m/m^n]        []      
n=00:                                5.9269e-01    -3.7464e-01   +1.0000e+00  |      ---           ---           ---     
n=01:                                8.1171e+00    +5.0265e+00   -1.6101e-01  |      ---           ---           ---     
n=02:                                1.6488e-01    +1.1717e+00   -4.5037e-04  |      ---           ---           ---     
n=03:                                1.1652e+02    -3.1561e+01   +1.4557e-04  |      ---           ---           ---     
n=04:                                5.7030e+03    -1.8393e+03   +1.0180e-04  |      ---           ---           ---     
n=05:                                4.4625e+05    -1.6154e+04   +1.0730e-05  |      ---           ---           ---     
n=06:                                1.4134e+07    +6.5787e+06   -5.2434e-05  |      ---           ---           ---     
