--- multipoles on reference trajectory (rz > 0) ---
effective_length:                   630.9738828739492 mm
perpendicular_grid:                 65 points in [-12.000000,+12.000000] mm
max_fitting_error_normal            0.065/6917.648 G/G
max_fitting_error_skew              362.491/362.491 G/G
r0_for_relative_multipoles          12 mm
main_monomial                       n = 0, skew:False
                                       Nn(s=0)      Integ_Nn     Nn/N0(@r0)   |    Sn(s=0)      Integ_Sn     Sn/S0(@r0)  
<multipole_order n>                    [T/m^n]      [T.m/m^n]        []       |    [T/m^n]      [T.m/m^n]        []      
n=00:                                5.9315e-01    -3.7426e-01   +1.0000e+00  |      ---           ---           ---     
n=01:                                8.1242e+00    +5.0216e+00   -1.6101e-01  |      ---           ---           ---     
n=02:                                1.1135e+00    +1.2336e+00   -4.7464e-04  |      ---           ---           ---     
n=03:                                5.1479e+01    -2.1269e+01   +9.8201e-05  |      ---           ---           ---     
n=04:                                1.5762e+04    -3.2777e+02   +1.8160e-05  |      ---           ---           ---     
n=05:                                1.0564e+05    -6.6940e+04   +4.4506e-05  |      ---           ---           ---     
n=06:                                5.2257e+07    -1.6858e+06   +1.3450e-05  |      ---           ---           ---     
