--- multipoles on reference trajectory (rz > 0) ---
effective_length:                   632.2521844330699 mm
perpendicular_grid:                 65 points in [-12.000000,+12.000000] mm
max_fitting_error_normal            0.086/4746.533 G/G
max_fitting_error_skew              351.867/351.867 G/G
r0_for_relative_multipoles          12 mm
main_monomial                       n = 0, skew:False
                                       Nn(s=0)      Integ_Nn     Nn/N0(@r0)   |    Sn(s=0)      Integ_Sn     Sn/S0(@r0)  
<multipole_order n>                    [T/m^n]      [T.m/m^n]        []       |    [T/m^n]      [T.m/m^n]        []      
n=00:                                5.6677e-01    -3.5834e-01   +1.0000e+00  |      ---           ---           ---     
n=01:                                7.7420e+00    +4.7882e+00   -1.6035e-01  |      ---           ---           ---     
n=02:                                2.7952e-02    +9.7459e-01   -3.9164e-04  |      ---           ---           ---     
n=03:                                2.6341e+01    -2.9385e+01   +1.4170e-04  |      ---           ---           ---     
n=04:                                1.6100e+03    -5.6901e+02   +3.2927e-05  |      ---           ---           ---     
n=05:                                5.9121e+04    -6.2821e+04   +4.3623e-05  |      ---           ---           ---     
n=06:                                5.0019e+06    -1.0982e+06   +9.1509e-06  |      ---           ---           ---     
