--- multipoles on reference trajectory (rz > 0) ---
effective_length:                   631.7198095221754 mm
perpendicular_grid:                 65 points in [-12.000000,+12.000000] mm
max_fitting_error_normal            0.100/4533.141 G/G
max_fitting_error_skew              334.386/334.386 G/G
r0_for_relative_multipoles          17.5 mm
main_monomial                       n = 0, skew:False
                                       Nn(s=0)      Integ_Nn     Nn/N0(@r0)   |    Sn(s=0)      Integ_Sn     Sn/S0(@r0)  
<multipole_order n>                    [T/m^n]      [T.m/m^n]        []       |    [T/m^n]      [T.m/m^n]        []      
n=00:                                5.3873e-01    -3.4032e-01   +1.0000e+00  |      ---           ---           ---     
n=01:                                7.3605e+00    +4.5589e+00   -2.3443e-01  |      ---           ---           ---     
n=02:                                5.1325e-01    +8.8542e-01   -7.9677e-04  |      ---           ---           ---     
n=03:                                1.9031e+01    -2.9483e+01   +4.6429e-04  |      ---           ---           ---     
n=04:                                3.9710e+03    +3.3851e+03   -9.3290e-04  |      ---           ---           ---     
n=05:                                1.5155e+05    -1.9441e+04   +9.3762e-05  |      ---           ---           ---     
n=06:                                2.0826e+07    -1.6878e+07   +1.4245e-03  |      ---           ---           ---     
