--- multipoles on reference trajectory (rz > 0) ---
effective_length:                   632.2987465562596 mm
perpendicular_grid:                 65 points in [-12.000000,+12.000000] mm
max_fitting_error_normal            0.063/4692.844 G/G
max_fitting_error_skew              347.542/347.542 G/G
r0_for_relative_multipoles          12 mm
main_monomial                       n = 0, skew:False
                                       Nn(s=0)      Integ_Nn     Nn/N0(@r0)   |    Sn(s=0)      Integ_Sn     Sn/S0(@r0)  
<multipole_order n>                    [T/m^n]      [T.m/m^n]        []       |    [T/m^n]      [T.m/m^n]        []      
n=00:                                5.6468e-01    -3.5705e-01   +1.0000e+00  |      ---           ---           ---     
n=01:                                7.7346e+00    +4.7942e+00   -1.6113e-01  |      ---           ---           ---     
n=02:                                2.4908e-01    +1.0107e+00   -4.0764e-04  |      ---           ---           ---     
n=03:                                2.6021e+01    -2.5909e+01   +1.2539e-04  |      ---           ---           ---     
n=04:                                1.5197e+03    +6.5665e+02   -3.8136e-05  |      ---           ---           ---     
n=05:                                3.9736e+04    -7.1235e+04   +4.9644e-05  |      ---           ---           ---     
n=06:                                3.7546e+06    -4.7626e+06   +3.9829e-05  |      ---           ---           ---     
