--- multipoles on reference trajectory (rz > 0) ---
effective_length:                   631.0074981213044 mm
perpendicular_grid:                 65 points in [-12.000000,+12.000000] mm
max_fitting_error_normal            0.089/6913.357 G/G
max_fitting_error_skew              371.151/371.151 G/G
r0_for_relative_multipoles          12 mm
main_monomial                       n = 0, skew:False
                                       Nn(s=0)      Integ_Nn     Nn/N0(@r0)   |    Sn(s=0)      Integ_Sn     Sn/S0(@r0)  
<multipole_order n>                    [T/m^n]      [T.m/m^n]        []       |    [T/m^n]      [T.m/m^n]        []      
n=00:                                5.9236e-01    -3.7378e-01   +1.0000e+00  |      ---           ---           ---     
n=01:                                8.1149e+00    +5.0127e+00   -1.6093e-01  |      ---           ---           ---     
n=02:                                5.0288e-01    +1.1766e+00   -4.5330e-04  |      ---           ---           ---     
n=03:                                5.1555e+01    -1.7221e+01   +7.9611e-05  |      ---           ---           ---     
n=04:                                9.9133e+03    -5.7877e+02   +3.2108e-05  |      ---           ---           ---     
n=05:                                3.2374e+05    -5.9334e+04   +3.9499e-05  |      ---           ---           ---     
n=06:                                3.5320e+07    +3.5898e+06   -2.8678e-05  |      ---           ---           ---     
