--- multipoles on reference trajectory (rz > 0) ---
effective_length:                   629.7846935911414 mm
perpendicular_grid:                 65 points in [-12.000000,+12.000000] mm
max_fitting_error_normal            0.062/6256.232 G/G
max_fitting_error_skew              328.355/328.355 G/G
r0_for_relative_multipoles          12 mm
main_monomial                       n = 0, skew:False
                                       Nn(s=0)      Integ_Nn     Nn/N0(@r0)   |    Sn(s=0)      Integ_Sn     Sn/S0(@r0)  
<multipole_order n>                    [T/m^n]      [T.m/m^n]        []       |    [T/m^n]      [T.m/m^n]        []      
n=00:                                5.3710e-01    -3.3826e-01   +1.0000e+00  |      ---           ---           ---     
n=01:                                7.3565e+00    +4.5408e+00   -1.6109e-01  |      ---           ---           ---     
n=02:                                3.4207e-01    +9.6162e-01   -4.0937e-04  |      ---           ---           ---     
n=03:                                2.2899e+01    -1.8064e+01   +9.2282e-05  |      ---           ---           ---     
n=04:                                1.1490e+03    -1.8098e+03   +1.1095e-04  |      ---           ---           ---     
n=05:                                2.6314e+05    -5.6741e+04   +4.1740e-05  |      ---           ---           ---     
n=06:                                9.6463e+06    +4.4893e+06   -3.9629e-05  |      ---           ---           ---     
