--- multipoles on reference trajectory (rz > 0) ---
effective_length:                   632.4361789039264 mm
perpendicular_grid:                 65 points in [-12.000000,+12.000000] mm
max_fitting_error_normal            0.082/4504.301 G/G
max_fitting_error_skew              343.253/343.253 G/G
r0_for_relative_multipoles          12 mm
main_monomial                       n = 0, skew:False
                                       Nn(s=0)      Integ_Nn     Nn/N0(@r0)   |    Sn(s=0)      Integ_Sn     Sn/S0(@r0)  
<multipole_order n>                    [T/m^n]      [T.m/m^n]        []       |    [T/m^n]      [T.m/m^n]        []      
n=00:                                5.3836e-01    -3.4048e-01   +1.0000e+00  |      ---           ---           ---     
n=01:                                7.3481e+00    +4.5505e+00   -1.6038e-01  |      ---           ---           ---     
n=02:                                8.1642e-01    +8.3793e-01   -3.5439e-04  |      ---           ---           ---     
n=03:                                1.2517e+01    -3.2945e+01   +1.6721e-04  |      ---           ---           ---     
n=04:                                7.1229e+03    +1.7115e+03   -1.0424e-04  |      ---           ---           ---     
n=05:                                2.0008e+05    -3.3383e+04   +2.4398e-05  |      ---           ---           ---     
n=06:                                4.3887e+07    -1.1748e+07   +1.0303e-04  |      ---           ---           ---     
