--- multipoles on reference trajectory (rz > 0) ---
effective_length:                   632.2263817620628 mm
perpendicular_grid:                 65 points in [-12.000000,+12.000000] mm
max_fitting_error_normal            0.111/4488.240 G/G
max_fitting_error_skew              336.319/336.319 G/G
r0_for_relative_multipoles          12 mm
main_monomial                       n = 0, skew:False
                                       Nn(s=0)      Integ_Nn     Nn/N0(@r0)   |    Sn(s=0)      Integ_Sn     Sn/S0(@r0)  
<multipole_order n>                    [T/m^n]      [T.m/m^n]        []       |    [T/m^n]      [T.m/m^n]        []      
n=00:                                5.3646e-01    -3.3917e-01   +1.0000e+00  |      ---           ---           ---     
n=01:                                7.3458e+00    +4.5486e+00   -1.6093e-01  |      ---           ---           ---     
n=02:                                9.3025e-02    +8.6699e-01   -3.6810e-04  |      ---           ---           ---     
n=03:                                5.5428e+01    -6.0083e+00   +3.0611e-05  |      ---           ---           ---     
n=04:                                3.6551e+02    +1.5373e+03   -9.3990e-05  |      ---           ---           ---     
n=05:                                3.9876e+05    -1.2899e+05   +9.4636e-05  |      ---           ---           ---     
n=06:                                9.9430e+06    -9.7193e+06   +8.5568e-05  |      ---           ---           ---     
