--- multipoles on reference trajectory (rz > 0) ---
effective_length:                   629.2671346525044 mm
perpendicular_grid:                 65 points in [-12.000000,+12.000000] mm
max_fitting_error_normal            0.075/6614.524 G/G
max_fitting_error_skew              359.508/359.508 G/G
r0_for_relative_multipoles          12 mm
main_monomial                       n = 0, skew:False
                                       Nn(s=0)      Integ_Nn     Nn/N0(@r0)   |    Sn(s=0)      Integ_Sn     Sn/S0(@r0)  
<multipole_order n>                    [T/m^n]      [T.m/m^n]        []       |    [T/m^n]      [T.m/m^n]        []      
n=00:                                5.6466e-01    -3.5532e-01   +1.0000e+00  |      ---           ---           ---     
n=01:                                7.7333e+00    +4.7636e+00   -1.6088e-01  |      ---           ---           ---     
n=02:                                6.7914e-01    +9.3384e-01   -3.7846e-04  |      ---           ---           ---     
n=03:                                6.8191e+01    -4.9117e+01   +2.3887e-04  |      ---           ---           ---     
n=04:                                1.3953e+03    -1.6263e+03   +9.4906e-05  |      ---           ---           ---     
n=05:                                7.9421e+04    +6.9015e+03   -4.8332e-06  |      ---           ---           ---     
n=06:                                1.7030e+07    +1.4678e+06   -1.2335e-05  |      ---           ---           ---     
