--- multipoles on reference trajectory (rz > 0) ---
effective_length:                   629.3501633829039 mm
perpendicular_grid:                 65 points in [-12.000000,+12.000000] mm
max_fitting_error_normal            0.108/4957.276 G/G
max_fitting_error_skew              368.390/368.390 G/G
r0_for_relative_multipoles          12 mm
main_monomial                       n = 0, skew:False
                                       Nn(s=0)      Integ_Nn     Nn/N0(@r0)   |    Sn(s=0)      Integ_Sn     Sn/S0(@r0)  
<multipole_order n>                    [T/m^n]      [T.m/m^n]        []       |    [T/m^n]      [T.m/m^n]        []      
n=00:                                5.9309e-01    -3.7326e-01   +1.0000e+00  |      ---           ---           ---     
n=01:                                8.1218e+00    +5.0016e+00   -1.6080e-01  |      ---           ---           ---     
n=02:                                1.6566e+00    +7.9942e-01   -3.0841e-04  |      ---           ---           ---     
n=03:                                3.9708e+01    -4.9090e+01   +2.2726e-04  |      ---           ---           ---     
n=04:                                1.9383e+04    +2.9368e+03   -1.6315e-04  |      ---           ---           ---     
n=05:                                4.1044e+05    +1.3439e+04   -8.9592e-06  |      ---           ---           ---     
n=06:                                8.0893e+07    -1.4158e+07   +1.1326e-04  |      ---           ---           ---     
