--- multipoles on reference trajectory (rz > 0) ---
effective_length:                   631.6088642543797 mm
perpendicular_grid:                 65 points in [-12.000000,+12.000000] mm
max_fitting_error_normal            0.083/4511.635 G/G
max_fitting_error_skew              330.189/330.189 G/G
r0_for_relative_multipoles          12 mm
main_monomial                       n = 0, skew:False
                                       Nn(s=0)      Integ_Nn     Nn/N0(@r0)   |    Sn(s=0)      Integ_Sn     Sn/S0(@r0)  
<multipole_order n>                    [T/m^n]      [T.m/m^n]        []       |    [T/m^n]      [T.m/m^n]        []      
n=00:                                5.3656e-01    -3.3889e-01   +1.0000e+00  |      ---           ---           ---     
n=01:                                7.3449e+00    +4.5441e+00   -1.6090e-01  |      ---           ---           ---     
n=02:                                1.2267e+00    +6.0606e-01   -2.5752e-04  |      ---           ---           ---     
n=03:                                4.0024e+01    -3.7981e+01   +1.9366e-04  |      ---           ---           ---     
n=04:                                6.8545e+03    +2.5806e+03   -1.5790e-04  |      ---           ---           ---     
n=05:                                4.5243e+05    -9.2647e+03   +6.8025e-06  |      ---           ---           ---     
n=06:                                2.7978e+07    -1.3129e+07   +1.1568e-04  |      ---           ---           ---     
