--- multipoles on reference trajectory (rz > 0) ---
effective_length:                   631.6651005270747 mm
perpendicular_grid:                 65 points in [-12.000000,+12.000000] mm
max_fitting_error_normal            0.051/6277.901 G/G
max_fitting_error_skew              330.039/330.039 G/G
r0_for_relative_multipoles          12 mm
main_monomial                       n = 0, skew:False
                                       Nn(s=0)      Integ_Nn     Nn/N0(@r0)   |    Sn(s=0)      Integ_Sn     Sn/S0(@r0)  
<multipole_order n>                    [T/m^n]      [T.m/m^n]        []       |    [T/m^n]      [T.m/m^n]        []      
n=00:                                5.3884e-01    -3.4036e-01   +1.0000e+00  |      ---           ---           ---     
n=01:                                7.3562e+00    +4.5492e+00   -1.6039e-01  |      ---           ---           ---     
n=02:                                5.8877e-02    +9.5094e-01   -4.0232e-04  |      ---           ---           ---     
n=03:                                2.8220e+01    -2.5725e+01   +1.3060e-04  |      ---           ---           ---     
n=04:                                6.5286e+03    -1.7237e+03   +1.0501e-04  |      ---           ---           ---     
n=05:                                6.8812e+04    -7.3750e+04   +5.3917e-05  |      ---           ---           ---     
n=06:                                1.6342e+07    +2.8468e+06   -2.4975e-05  |      ---           ---           ---     
