--- multipoles on reference trajectory (rz > 0) ---
effective_length:                   629.8745109689116 mm
perpendicular_grid:                 65 points in [-12.000000,+12.000000] mm
max_fitting_error_normal            0.077/6246.326 G/G
max_fitting_error_skew              337.348/337.348 G/G
r0_for_relative_multipoles          12 mm
main_monomial                       n = 0, skew:False
                                       Nn(s=0)      Integ_Nn     Nn/N0(@r0)   |    Sn(s=0)      Integ_Sn     Sn/S0(@r0)  
<multipole_order n>                    [T/m^n]      [T.m/m^n]        []       |    [T/m^n]      [T.m/m^n]        []      
n=00:                                5.3645e-01    -3.3790e-01   +1.0000e+00  |      ---           ---           ---     
n=01:                                7.3488e+00    +4.5334e+00   -1.6100e-01  |      ---           ---           ---     
n=02:                                1.0997e-01    +9.7541e-01   -4.1569e-04  |      ---           ---           ---     
n=03:                                3.1656e+01    -3.1220e+01   +1.5966e-04  |      ---           ---           ---     
n=04:                                2.7905e+03    -7.6605e+01   +4.7011e-06  |      ---           ---           ---     
n=05:                                4.0195e+05    -3.7236e+04   +2.7421e-05  |      ---           ---           ---     
n=06:                                1.4817e+07    -1.6554e+06   +1.4629e-05  |      ---           ---           ---     
