--- multipoles on reference trajectory (rz > 0) ---
effective_length:                   630.9547920113589 mm
perpendicular_grid:                 65 points in [-12.000000,+12.000000] mm
max_fitting_error_normal            0.065/6918.389 G/G
max_fitting_error_skew              362.540/362.540 G/G
r0_for_relative_multipoles          12 mm
main_monomial                       n = 0, skew:False
                                       Nn(s=0)      Integ_Nn     Nn/N0(@r0)   |    Sn(s=0)      Integ_Sn     Sn/S0(@r0)  
<multipole_order n>                    [T/m^n]      [T.m/m^n]        []       |    [T/m^n]      [T.m/m^n]        []      
n=00:                                5.9325e-01    -3.7431e-01   +1.0000e+00  |      ---           ---           ---     
n=01:                                8.1242e+00    +5.0216e+00   -1.6099e-01  |      ---           ---           ---     
n=02:                                1.1161e+00    +1.2343e+00   -4.7485e-04  |      ---           ---           ---     
n=03:                                5.0828e+01    -2.1220e+01   +9.7960e-05  |      ---           ---           ---     
n=04:                                1.5788e+04    -3.2420e+02   +1.7960e-05  |      ---           ---           ---     
n=05:                                1.0266e+05    -6.7048e+04   +4.4571e-05  |      ---           ---           ---     
n=06:                                5.2369e+07    -1.6877e+06   +1.3463e-05  |      ---           ---           ---     
