--- multipoles on reference trajectory (rz > 0) ---
effective_length:                   632.479420198907 mm
perpendicular_grid:                 65 points in [-12.000000,+12.000000] mm
max_fitting_error_normal            0.084/4501.159 G/G
max_fitting_error_skew              333.024/333.024 G/G
r0_for_relative_multipoles          12 mm
main_monomial                       n = 0, skew:False
                                       Nn(s=0)      Integ_Nn     Nn/N0(@r0)   |    Sn(s=0)      Integ_Sn     Sn/S0(@r0)  
<multipole_order n>                    [T/m^n]      [T.m/m^n]        []       |    [T/m^n]      [T.m/m^n]        []      
n=00:                                5.3712e-01    -3.3972e-01   +1.0000e+00  |      ---           ---           ---     
n=01:                                7.3589e+00    +4.5539e+00   -1.6086e-01  |      ---           ---           ---     
n=02:                                1.0209e-01    +8.8558e-01   -3.7538e-04  |      ---           ---           ---     
n=03:                                4.2965e+00    -3.2678e+01   +1.6622e-04  |      ---           ---           ---     
n=04:                                2.2085e+03    +7.1646e+02   -4.3732e-05  |      ---           ---           ---     
n=05:                                1.7632e+05    -4.3025e+04   +3.1514e-05  |      ---           ---           ---     
n=06:                                2.0294e+07    -5.3729e+06   +4.7225e-05  |      ---           ---           ---     
