--- multipoles on reference trajectory (rz > 0) ---
effective_length:                   631.0489197687305 mm
perpendicular_grid:                 65 points in [-12.000000,+12.000000] mm
max_fitting_error_normal            0.184/3832.281 G/G
max_fitting_error_skew              11.741/11.741 G/G
r0_for_relative_multipoles          12 mm
main_monomial                       n = 0, skew:False
                                       Nn(s=0)      Integ_Nn     Nn/N0(@r0)   |    Sn(s=0)      Integ_Sn     Sn/S0(@r0)  
<multipole_order n>                    [T/m^n]      [T.m/m^n]        []       |    [T/m^n]      [T.m/m^n]        []      
n=00:                                5.7223e-01    -3.6110e-01   +1.0000e+00  |      ---           ---           ---     
n=01:                                7.8728e+00    +4.8692e+00   -1.6181e-01  |      ---           ---           ---     
n=02:                                1.6433e+00    +6.3247e-01   -2.5221e-04  |      ---           ---           ---     
n=03:                                5.0190e+01    -5.0443e+01   +2.4138e-04  |      ---           ---           ---     
n=04:                                5.9635e+03    +9.0598e+01   -5.2025e-06  |      ---           ---           ---     
n=05:                                4.1652e+04    +4.0207e+04   -2.7706e-05  |      ---           ---           ---     
n=06:                                1.0373e+07    +7.6623e+05   -6.3360e-06  |      ---           ---           ---     
