--- multipoles on reference trajectory (rz > 0) ---
effective_length:                   630.1956161851544 mm
perpendicular_grid:                 65 points in [-12.000000,+12.000000] mm
max_fitting_error_normal            0.065/5785.108 G/G
max_fitting_error_skew              352.341/352.341 G/G
r0_for_relative_multipoles          12 mm
main_monomial                       n = 0, skew:False
                                       Nn(s=0)      Integ_Nn     Nn/N0(@r0)   |    Sn(s=0)      Integ_Sn     Sn/S0(@r0)  
<multipole_order n>                    [T/m^n]      [T.m/m^n]        []       |    [T/m^n]      [T.m/m^n]        []      
n=00:                                5.6472e-01    -3.5588e-01   +1.0000e+00  |      ---           ---           ---     
n=01:                                7.7376e+00    +4.7743e+00   -1.6098e-01  |      ---           ---           ---     
n=02:                                9.5851e-02    +1.3439e+00   -5.4376e-04  |      ---           ---           ---     
n=03:                                5.5773e+01    -2.8644e+01   +1.3908e-04  |      ---           ---           ---     
n=04:                                9.8383e+01    -1.7142e+03   +9.9881e-05  |      ---           ---           ---     
n=05:                                5.3283e+04    -2.5765e+04   +1.8015e-05  |      ---           ---           ---     
n=06:                                9.4143e+06    +2.8010e+06   -2.3501e-05  |      ---           ---           ---     
