--- multipoles on reference trajectory (rz > 0) ---
effective_length:                   632.0527088923756 mm
perpendicular_grid:                 65 points in [-12.000000,+12.000000] mm
max_fitting_error_normal            0.087/4729.973 G/G
max_fitting_error_skew              354.165/354.165 G/G
r0_for_relative_multipoles          12 mm
main_monomial                       n = 0, skew:False
                                       Nn(s=0)      Integ_Nn     Nn/N0(@r0)   |    Sn(s=0)      Integ_Sn     Sn/S0(@r0)  
<multipole_order n>                    [T/m^n]      [T.m/m^n]        []       |    [T/m^n]      [T.m/m^n]        []      
n=00:                                5.6434e-01    -3.5669e-01   +1.0000e+00  |      ---           ---           ---     
n=01:                                7.7327e+00    +4.7844e+00   -1.6096e-01  |      ---           ---           ---     
n=02:                                1.6122e-01    +1.1827e+00   -4.7746e-04  |      ---           ---           ---     
n=03:                                1.8787e+01    -1.3183e+01   +6.3867e-05  |      ---           ---           ---     
n=04:                                5.5878e+03    +1.4397e+01   -8.3694e-07  |      ---           ---           ---     
n=05:                                2.5492e+05    -9.2548e+04   +6.4563e-05  |      ---           ---           ---     
n=06:                                3.6624e+07    -4.6904e+06   +3.9265e-05  |      ---           ---           ---     
