--- multipoles on reference trajectory (rz > 0) ---
effective_length:                   632.6050428438441 mm
perpendicular_grid:                 65 points in [-12.000000,+12.000000] mm
max_fitting_error_normal            0.128/4484.831 G/G
max_fitting_error_skew              334.318/334.318 G/G
r0_for_relative_multipoles          12 mm
main_monomial                       n = 0, skew:False
                                       Nn(s=0)      Integ_Nn     Nn/N0(@r0)   |    Sn(s=0)      Integ_Sn     Sn/S0(@r0)  
<multipole_order n>                    [T/m^n]      [T.m/m^n]        []       |    [T/m^n]      [T.m/m^n]        []      
n=00:                                5.3640e-01    -3.3933e-01   +1.0000e+00  |      ---           ---           ---     
n=01:                                7.3540e+00    +4.5519e+00   -1.6097e-01  |      ---           ---           ---     
n=02:                                9.0315e-01    +8.2911e-01   -3.5185e-04  |      ---           ---           ---     
n=03:                                2.1457e+01    -1.7530e+01   +8.9273e-05  |      ---           ---           ---     
n=04:                                1.6301e+04    +3.3598e+03   -2.0531e-04  |      ---           ---           ---     
n=05:                                2.8015e+05    -7.6372e+04   +5.6004e-05  |      ---           ---           ---     
n=06:                                8.1606e+07    -1.6875e+07   +1.4849e-04  |      ---           ---           ---     
