--- multipoles on reference trajectory (rz > 0) ---
effective_length:                   631.6044983613026 mm
perpendicular_grid:                 65 points in [-12.000000,+12.000000] mm
max_fitting_error_normal            0.072/4501.469 G/G
max_fitting_error_skew              332.154/332.154 G/G
r0_for_relative_multipoles          12 mm
main_monomial                       n = 0, skew:False
                                       Nn(s=0)      Integ_Nn     Nn/N0(@r0)   |    Sn(s=0)      Integ_Sn     Sn/S0(@r0)  
<multipole_order n>                    [T/m^n]      [T.m/m^n]        []       |    [T/m^n]      [T.m/m^n]        []      
n=00:                                5.3668e-01    -3.3897e-01   +1.0000e+00  |      ---           ---           ---     
n=01:                                7.3536e+00    +4.5505e+00   -1.6109e-01  |      ---           ---           ---     
n=02:                                6.7413e-01    +8.8348e-01   -3.7532e-04  |      ---           ---           ---     
n=03:                                5.5212e+01    -2.4593e+01   +1.2537e-04  |      ---           ---           ---     
n=04:                                6.5567e+03    +8.5460e+02   -5.2279e-05  |      ---           ---           ---     
n=05:                                4.2423e+05    -3.3888e+04   +2.4876e-05  |      ---           ---           ---     
n=06:                                2.7343e+07    -4.7181e+06   +4.1562e-05  |      ---           ---           ---     
