--- multipoles on reference trajectory (rz > 0) ---
effective_length:                   631.1897726501172 mm
perpendicular_grid:                 65 points in [-12.000000,+12.000000] mm
max_fitting_error_normal            0.094/6587.964 G/G
max_fitting_error_skew              344.927/344.927 G/G
r0_for_relative_multipoles          12 mm
main_monomial                       n = 0, skew:False
                                       Nn(s=0)      Integ_Nn     Nn/N0(@r0)   |    Sn(s=0)      Integ_Sn     Sn/S0(@r0)  
<multipole_order n>                    [T/m^n]      [T.m/m^n]        []       |    [T/m^n]      [T.m/m^n]        []      
n=00:                                5.6518e-01    -3.5673e-01   +1.0000e+00  |      ---           ---           ---     
n=01:                                7.7439e+00    +4.7890e+00   -1.6110e-01  |      ---           ---           ---     
n=02:                                1.2979e-01    +1.0968e+00   -4.4272e-04  |      ---           ---           ---     
n=03:                                5.6282e+01    -2.6462e+01   +1.2818e-04  |      ---           ---           ---     
n=04:                                2.8552e+02    -5.7320e+02   +3.3319e-05  |      ---           ---           ---     
n=05:                                6.7734e+04    -4.6112e+04   +3.2164e-05  |      ---           ---           ---     
n=06:                                3.0989e+06    +7.4471e+05   -6.2335e-06  |      ---           ---           ---     
