--- multipoles on reference trajectory (rz > 0) ---
effective_length:                   630.263760928404 mm
perpendicular_grid:                 65 points in [-12.000000,+12.000000] mm
max_fitting_error_normal            0.073/6125.401 G/G
max_fitting_error_skew              365.772/365.772 G/G
r0_for_relative_multipoles          12 mm
main_monomial                       n = 0, skew:False
                                       Nn(s=0)      Integ_Nn     Nn/N0(@r0)   |    Sn(s=0)      Integ_Sn     Sn/S0(@r0)  
<multipole_order n>                    [T/m^n]      [T.m/m^n]        []       |    [T/m^n]      [T.m/m^n]        []      
n=00:                                5.9255e-01    -3.7346e-01   +1.0000e+00  |      ---           ---           ---     
n=01:                                8.1129e+00    +5.0066e+00   -1.6087e-01  |      ---           ---           ---     
n=02:                                3.6525e-01    +1.1030e+00   -4.2530e-04  |      ---           ---           ---     
n=03:                                5.9931e+01    -4.1376e+01   +1.9145e-04  |      ---           ---           ---     
n=04:                                3.2513e+03    +9.6096e+02   -5.3356e-05  |      ---           ---           ---     
n=05:                                8.3797e+04    -2.2378e+03   +1.4910e-06  |      ---           ---           ---     
n=06:                                2.3969e+07    -7.8483e+06   +6.2750e-05  |      ---           ---           ---     
