--- multipoles on reference trajectory (rz > 0) ---
effective_length:                   630.5923367916603 mm
perpendicular_grid:                 65 points in [-12.000000,+12.000000] mm
max_fitting_error_normal            0.070/6597.287 G/G
max_fitting_error_skew              360.462/360.462 G/G
r0_for_relative_multipoles          12 mm
main_monomial                       n = 0, skew:False
                                       Nn(s=0)      Integ_Nn     Nn/N0(@r0)   |    Sn(s=0)      Integ_Sn     Sn/S0(@r0)  
<multipole_order n>                    [T/m^n]      [T.m/m^n]        []       |    [T/m^n]      [T.m/m^n]        []      
n=00:                                5.6646e-01    -3.5720e-01   +1.0000e+00  |      ---           ---           ---     
n=01:                                7.7335e+00    +4.7734e+00   -1.6036e-01  |      ---           ---           ---     
n=02:                                6.3314e-01    +9.7890e-01   -3.9463e-04  |      ---           ---           ---     
n=03:                                6.5631e+01    -4.7245e+01   +2.2855e-04  |      ---           ---           ---     
n=04:                                1.3244e+03    -1.7504e+03   +1.0161e-04  |      ---           ---           ---     
n=05:                                7.4883e+04    +1.0824e+03   -7.5400e-07  |      ---           ---           ---     
n=06:                                1.7140e+07    +2.1513e+06   -1.7983e-05  |      ---           ---           ---     
