--- multipoles on reference trajectory (rz > 0) ---
effective_length:                   631.6556249342472 mm
perpendicular_grid:                 65 points in [-12.000000,+12.000000] mm
max_fitting_error_normal            0.077/4955.597 G/G
max_fitting_error_skew              366.101/366.101 G/G
r0_for_relative_multipoles          12 mm
main_monomial                       n = 0, skew:False
                                       Nn(s=0)      Integ_Nn     Nn/N0(@r0)   |    Sn(s=0)      Integ_Sn     Sn/S0(@r0)  
<multipole_order n>                    [T/m^n]      [T.m/m^n]        []       |    [T/m^n]      [T.m/m^n]        []      
n=00:                                5.9271e-01    -3.7439e-01   +1.0000e+00  |      ---           ---           ---     
n=01:                                8.1137e+00    +5.0163e+00   -1.6078e-01  |      ---           ---           ---     
n=02:                                5.1719e-01    +1.0284e+00   -3.9555e-04  |      ---           ---           ---     
n=03:                                2.5389e+01    -2.7500e+01   +1.2693e-04  |      ---           ---           ---     
n=04:                                5.9038e+03    +9.1975e+02   -5.0942e-05  |      ---           ---           ---     
n=05:                                5.0673e+04    -6.8335e+04   +4.5418e-05  |      ---           ---           ---     
n=06:                                3.6068e+07    -6.2467e+06   +4.9822e-05  |      ---           ---           ---     
