--- multipoles on reference trajectory (rz > 0) ---
effective_length:                   631.1072407955807 mm
perpendicular_grid:                 65 points in [-12.000000,+12.000000] mm
max_fitting_error_normal            0.080/4736.529 G/G
max_fitting_error_skew              352.007/352.007 G/G
r0_for_relative_multipoles          12 mm
main_monomial                       n = 0, skew:False
                                       Nn(s=0)      Integ_Nn     Nn/N0(@r0)   |    Sn(s=0)      Integ_Sn     Sn/S0(@r0)  
<multipole_order n>                    [T/m^n]      [T.m/m^n]        []       |    [T/m^n]      [T.m/m^n]        []      
n=00:                                5.6492e-01    -3.5653e-01   +1.0000e+00  |      ---           ---           ---     
n=01:                                7.7432e+00    +4.7792e+00   -1.6086e-01  |      ---           ---           ---     
n=02:                                2.8282e-01    +9.8586e-01   -3.9819e-04  |      ---           ---           ---     
n=03:                                1.9556e+01    -4.0123e+01   +1.9447e-04  |      ---           ---           ---     
n=04:                                2.8075e+03    +4.4639e+02   -2.5962e-05  |      ---           ---           ---     
n=05:                                8.7503e+04    -7.9502e+03   +5.5487e-06  |      ---           ---           ---     
n=06:                                2.0915e+07    -5.8203e+06   +4.8746e-05  |      ---           ---           ---     
