--- multipoles on reference trajectory (rz > 0) ---
effective_length:                   632.015780887665 mm
perpendicular_grid:                 65 points in [-12.000000,+12.000000] mm
max_fitting_error_normal            0.101/5521.992 G/G
max_fitting_error_skew              348.017/348.017 G/G
r0_for_relative_multipoles          12 mm
main_monomial                       n = 0, skew:False
                                       Nn(s=0)      Integ_Nn     Nn/N0(@r0)   |    Sn(s=0)      Integ_Sn     Sn/S0(@r0)  
<multipole_order n>                    [T/m^n]      [T.m/m^n]        []       |    [T/m^n]      [T.m/m^n]        []      
n=00:                                5.6503e-01    -3.5711e-01   +1.0000e+00  |      ---           ---           ---     
n=01:                                7.7422e+00    +4.7906e+00   -1.6098e-01  |      ---           ---           ---     
n=02:                                5.3468e-01    +8.4480e-01   -3.4066e-04  |      ---           ---           ---     
n=03:                                2.8748e+01    -3.3296e+01   +1.6111e-04  |      ---           ---           ---     
n=04:                                7.5888e+03    +2.5295e+03   -1.4688e-04  |      ---           ---           ---     
n=05:                                2.8268e+05    -1.2877e+04   +8.9725e-06  |      ---           ---           ---     
n=06:                                3.9356e+07    -1.1802e+07   +9.8681e-05  |      ---           ---           ---     
