--- multipoles on reference trajectory (rz > 0) ---
effective_length:                   631.0047685492832 mm
perpendicular_grid:                 65 points in [-12.000000,+12.000000] mm
max_fitting_error_normal            0.089/6914.328 G/G
max_fitting_error_skew              371.204/371.204 G/G
r0_for_relative_multipoles          12 mm
main_monomial                       n = 0, skew:False
                                       Nn(s=0)      Integ_Nn     Nn/N0(@r0)   |    Sn(s=0)      Integ_Sn     Sn/S0(@r0)  
<multipole_order n>                    [T/m^n]      [T.m/m^n]        []       |    [T/m^n]      [T.m/m^n]        []      
n=00:                                5.9246e-01    -3.7384e-01   +1.0000e+00  |      ---           ---           ---     
n=01:                                8.1149e+00    +5.0127e+00   -1.6090e-01  |      ---           ---           ---     
n=02:                                5.0813e-01    +1.1773e+00   -4.5348e-04  |      ---           ---           ---     
n=03:                                5.1159e+01    -1.7214e+01   +7.9568e-05  |      ---           ---           ---     
n=04:                                1.0017e+04    -5.7658e+02   +3.1981e-05  |      ---           ---           ---     
n=05:                                3.2179e+05    -5.9435e+04   +3.9560e-05  |      ---           ---           ---     
n=06:                                3.5813e+07    +3.5978e+06   -2.8737e-05  |      ---           ---           ---     
