--- multipoles on reference trajectory (rz > 0) ---
effective_length:                   631.3241012995808 mm
perpendicular_grid:                 65 points in [-12.000000,+12.000000] mm
max_fitting_error_normal            0.066/5735.215 G/G
max_fitting_error_skew              374.637/374.637 G/G
r0_for_relative_multipoles          12 mm
main_monomial                       n = 0, skew:False
                                       Nn(s=0)      Integ_Nn     Nn/N0(@r0)   |    Sn(s=0)      Integ_Sn     Sn/S0(@r0)  
<multipole_order n>                    [T/m^n]      [T.m/m^n]        []       |    [T/m^n]      [T.m/m^n]        []      
n=00:                                5.9460e-01    -3.7539e-01   +1.0000e+00  |      ---           ---           ---     
n=01:                                8.1177e+00    +5.0183e+00   -1.6042e-01  |      ---           ---           ---     
n=02:                                7.3379e-01    +1.3305e+00   -5.1038e-04  |      ---           ---           ---     
n=03:                                5.9008e+01    -4.7287e+01   +2.1768e-04  |      ---           ---           ---     
n=04:                                8.2235e+03    -1.3578e+03   +7.5005e-05  |      ---           ---           ---     
n=05:                                3.9616e+04    +2.5745e+04   -1.7066e-05  |      ---           ---           ---     
n=06:                                3.9216e+07    +2.4076e+06   -1.9151e-05  |      ---           ---           ---     
