--- multipoles on reference trajectory (rz > 0) ---
effective_length:                   631.4866884995446 mm
perpendicular_grid:                 65 points in [-12.000000,+12.000000] mm
max_fitting_error_normal            0.063/4501.573 G/G
max_fitting_error_skew              343.210/343.210 G/G
r0_for_relative_multipoles          12 mm
main_monomial                       n = 0, skew:False
                                       Nn(s=0)      Integ_Nn     Nn/N0(@r0)   |    Sn(s=0)      Integ_Sn     Sn/S0(@r0)  
<multipole_order n>                    [T/m^n]      [T.m/m^n]        []       |    [T/m^n]      [T.m/m^n]        []      
n=00:                                5.3839e-01    -3.3998e-01   +1.0000e+00  |      ---           ---           ---     
n=01:                                7.3566e+00    +4.5478e+00   -1.6052e-01  |      ---           ---           ---     
n=02:                                3.8799e-01    +9.7850e-01   -4.1444e-04  |      ---           ---           ---     
n=03:                                4.6473e+01    -1.9572e+01   +9.9477e-05  |      ---           ---           ---     
n=04:                                3.6824e+03    -9.7329e+01   +5.9362e-06  |      ---           ---           ---     
n=05:                                3.5418e+05    -5.0362e+04   +3.6859e-05  |      ---           ---           ---     
n=06:                                1.9360e+07    -1.0912e+06   +9.5840e-06  |      ---           ---           ---     
