--- multipoles on reference trajectory (rz > 0) ---
effective_length:                   632.4180396359034 mm
perpendicular_grid:                 65 points in [-12.000000,+12.000000] mm
max_fitting_error_normal            0.078/4517.847 G/G
max_fitting_error_skew              331.015/331.015 G/G
r0_for_relative_multipoles          17.5 mm
main_monomial                       n = 0, skew:False
                                       Nn(s=0)      Integ_Nn     Nn/N0(@r0)   |    Sn(s=0)      Integ_Sn     Sn/S0(@r0)  
<multipole_order n>                    [T/m^n]      [T.m/m^n]        []       |    [T/m^n]      [T.m/m^n]        []      
n=00:                                5.3839e-01    -3.4049e-01   +1.0000e+00  |      ---           ---           ---     
n=01:                                7.3518e+00    +4.5575e+00   -2.3424e-01  |      ---           ---           ---     
n=02:                                6.8822e-02    +1.0640e+00   -9.5700e-04  |      ---           ---           ---     
n=03:                                3.9602e+01    -3.4947e+01   +5.5008e-04  |      ---           ---           ---     
n=04:                                1.9065e+03    +1.0376e+03   -2.8582e-04  |      ---           ---           ---     
n=05:                                7.6114e+03    +1.4400e+03   -6.9413e-06  |      ---           ---           ---     
n=06:                                2.1236e+07    -9.5193e+06   +8.0303e-04  |      ---           ---           ---     
