--- multipoles on reference trajectory (rz > 0) ---
effective_length:                   631.3432483130572 mm
perpendicular_grid:                 65 points in [-12.000000,+12.000000] mm
max_fitting_error_normal            0.087/4952.766 G/G
max_fitting_error_skew              366.272/366.272 G/G
r0_for_relative_multipoles          12 mm
main_monomial                       n = 0, skew:False
                                       Nn(s=0)      Integ_Nn     Nn/N0(@r0)   |    Sn(s=0)      Integ_Sn     Sn/S0(@r0)  
<multipole_order n>                    [T/m^n]      [T.m/m^n]        []       |    [T/m^n]      [T.m/m^n]        []      
n=00:                                5.9242e-01    -3.7402e-01   +1.0000e+00  |      ---           ---           ---     
n=01:                                8.1042e+00    +5.0095e+00   -1.6072e-01  |      ---           ---           ---     
n=02:                                2.9195e-01    +8.5840e-01   -3.3049e-04  |      ---           ---           ---     
n=03:                                6.1454e+01    -2.5647e+01   +1.1849e-04  |      ---           ---           ---     
n=04:                                1.4447e+03    +7.0146e+02   -3.8890e-05  |      ---           ---           ---     
n=05:                                5.0830e+05    -8.9357e+04   +5.9448e-05  |      ---           ---           ---     
n=06:                                6.2189e+06    -5.3313e+06   +4.2562e-05  |      ---           ---           ---     
