--- multipoles on reference trajectory (rz > 0) ---
effective_length:                   631.9938622872085 mm
perpendicular_grid:                 65 points in [-12.000000,+12.000000] mm
max_fitting_error_normal            0.075/4530.532 G/G
max_fitting_error_skew              328.657/328.657 G/G
r0_for_relative_multipoles          17.5 mm
main_monomial                       n = 0, skew:False
                                       Nn(s=0)      Integ_Nn     Nn/N0(@r0)   |    Sn(s=0)      Integ_Sn     Sn/S0(@r0)  
<multipole_order n>                    [T/m^n]      [T.m/m^n]        []       |    [T/m^n]      [T.m/m^n]        []      
n=00:                                5.3863e-01    -3.4041e-01   +1.0000e+00  |      ---           ---           ---     
n=01:                                7.3524e+00    +4.5532e+00   -2.3408e-01  |      ---           ---           ---     
n=02:                                3.0869e-02    +9.5626e-01   -8.6030e-04  |      ---           ---           ---     
n=03:                                2.8153e+01    -3.2855e+01   +5.1726e-04  |      ---           ---           ---     
n=04:                                2.4618e+03    -1.4850e+03   +4.0913e-04  |      ---           ---           ---     
n=05:                                3.2093e+04    -3.6561e+04   +1.7628e-04  |      ---           ---           ---     
n=06:                                1.9240e+06    +3.0699e+06   -2.5903e-04  |      ---           ---           ---     
