--- multipoles on reference trajectory (rz > 0) ---
effective_length:                   629.6589939287541 mm
perpendicular_grid:                 41 points in [-10.000000,+10.000000] mm
max_fitting_error_normal            0.019/4819.801 G/G
max_fitting_error_skew              0.000/0.000 G/G
r0_for_relative_multipoles          12 mm
main_monomial                       n = 0, skew:False
                                       Nn(s=0)      Integ_Nn     Nn/N0(@r0)   |    Sn(s=0)      Integ_Sn     Sn/S0(@r0)  
<multipole_order n>                    [T/m^n]      [T.m/m^n]        []       |    [T/m^n]      [T.m/m^n]        []      
n=00:                                5.6604e-01    -3.5771e-01   +1.0000e+00  |      ---           ---           ---     
n=01:                                7.7559e+00    +4.8045e+00   -1.6117e-01  |      ---           ---           ---     
n=02:                                5.0811e-01    +8.5261e-01   -3.4322e-04  |      ---           ---           ---     
n=03:                                1.8027e+01    -2.6467e+01   +1.2785e-04  |      ---           ---           ---     
n=04:                                2.6168e+02    -2.1641e+02   +1.2545e-05  |      ---           ---           ---     
n=05:                                2.2518e+04    -2.1739e+04   +1.5122e-05  |      ---           ---           ---     
n=06:                                1.2528e+06    -5.0586e+05   +4.2226e-06  |      ---           ---           ---     
