--- multipoles on reference trajectory (rz > 0) ---
effective_length:                   632.0906179168727 mm
perpendicular_grid:                 65 points in [-12.000000,+12.000000] mm
max_fitting_error_normal            0.084/4983.427 G/G
max_fitting_error_skew              365.080/365.080 G/G
r0_for_relative_multipoles          12 mm
main_monomial                       n = 0, skew:False
                                       Nn(s=0)      Integ_Nn     Nn/N0(@r0)   |    Sn(s=0)      Integ_Sn     Sn/S0(@r0)  
<multipole_order n>                    [T/m^n]      [T.m/m^n]        []       |    [T/m^n]      [T.m/m^n]        []      
n=00:                                5.9269e-01    -3.7463e-01   +1.0000e+00  |      ---           ---           ---     
n=01:                                8.1171e+00    +5.0266e+00   -1.6101e-01  |      ---           ---           ---     
n=02:                                1.6488e-01    +1.1714e+00   -4.5026e-04  |      ---           ---           ---     
n=03:                                1.1652e+02    -3.1556e+01   +1.4555e-04  |      ---           ---           ---     
n=04:                                5.7030e+03    -1.8404e+03   +1.0187e-04  |      ---           ---           ---     
n=05:                                4.4625e+05    -1.6187e+04   +1.0751e-05  |      ---           ---           ---     
n=06:                                1.4134e+07    +6.5822e+06   -5.2463e-05  |      ---           ---           ---     
