--- multipoles on reference trajectory (rz > 0) ---
effective_length:                   629.4214887540685 mm
perpendicular_grid:                 65 points in [-12.000000,+12.000000] mm
max_fitting_error_normal            0.133/4976.196 G/G
max_fitting_error_skew              366.956/366.956 G/G
r0_for_relative_multipoles          12 mm
main_monomial                       n = 0, skew:False
                                       Nn(s=0)      Integ_Nn     Nn/N0(@r0)   |    Sn(s=0)      Integ_Sn     Sn/S0(@r0)  
<multipole_order n>                    [T/m^n]      [T.m/m^n]        []       |    [T/m^n]      [T.m/m^n]        []      
n=00:                                5.9313e-01    -3.7333e-01   +1.0000e+00  |      ---           ---           ---     
n=01:                                8.1173e+00    +5.0033e+00   -1.6082e-01  |      ---           ---           ---     
n=02:                                1.0138e+00    +9.8466e-01   -3.7980e-04  |      ---           ---           ---     
n=03:                                1.3534e+01    -5.1606e+01   +2.3886e-04  |      ---           ---           ---     
n=04:                                6.1362e+03    +1.2580e+03   -6.9871e-05  |      ---           ---           ---     
n=05:                                3.8750e+05    +1.9128e+04   -1.2749e-05  |      ---           ---           ---     
n=06:                                2.8403e+07    -7.9626e+06   +6.3687e-05  |      ---           ---           ---     
