--- multipoles on reference trajectory (rz > 0) ---
effective_length:                   630.8711504905806 mm
perpendicular_grid:                 65 points in [-12.000000,+12.000000] mm
max_fitting_error_normal            0.077/5002.665 G/G
max_fitting_error_skew              365.201/365.201 G/G
r0_for_relative_multipoles          17.5 mm
main_monomial                       n = 0, skew:False
                                       Nn(s=0)      Integ_Nn     Nn/N0(@r0)   |    Sn(s=0)      Integ_Sn     Sn/S0(@r0)  
<multipole_order n>                    [T/m^n]      [T.m/m^n]        []       |    [T/m^n]      [T.m/m^n]        []      
n=00:                                5.9458e-01    -3.7510e-01   +1.0000e+00  |      ---           ---           ---     
n=01:                                8.1170e+00    +5.0100e+00   -2.3374e-01  |      ---           ---           ---     
n=02:                                2.9972e-01    +1.1884e+00   -9.7026e-04  |      ---           ---           ---     
n=03:                                1.1048e+02    -3.3428e+01   +4.7761e-04  |      ---           ---           ---     
n=04:                                7.5819e+03    -1.9320e+03   +4.8308e-04  |      ---           ---           ---     
n=05:                                4.2200e+05    -3.1319e+04   +1.3704e-04  |      ---           ---           ---     
n=06:                                2.2163e+07    +5.1166e+06   -3.9179e-04  |      ---           ---           ---     
