--- multipoles on reference trajectory (rz > 0) ---
effective_length:                   631.3012862706881 mm
perpendicular_grid:                 65 points in [-12.000000,+12.000000] mm
max_fitting_error_normal            0.061/4738.337 G/G
max_fitting_error_skew              355.218/355.218 G/G
r0_for_relative_multipoles          12 mm
main_monomial                       n = 0, skew:False
                                       Nn(s=0)      Integ_Nn     Nn/N0(@r0)   |    Sn(s=0)      Integ_Sn     Sn/S0(@r0)  
<multipole_order n>                    [T/m^n]      [T.m/m^n]        []       |    [T/m^n]      [T.m/m^n]        []      
n=00:                                5.6464e-01    -3.5646e-01   +1.0000e+00  |      ---           ---           ---     
n=01:                                7.7332e+00    +4.7811e+00   -1.6095e-01  |      ---           ---           ---     
n=02:                                1.6036e-01    +9.4400e-01   -3.8135e-04  |      ---           ---           ---     
n=03:                                1.4824e+01    -1.6108e+01   +7.8087e-05  |      ---           ---           ---     
n=04:                                6.7274e+03    +3.5505e+02   -2.0654e-05  |      ---           ---           ---     
n=05:                                1.4246e+05    -8.7709e+04   +6.1227e-05  |      ---           ---           ---     
n=06:                                2.0520e+07    -3.5688e+06   +2.9895e-05  |      ---           ---           ---     
