--- multipoles on reference trajectory (rz > 0) ---
effective_length:                   631.3080513020792 mm
perpendicular_grid:                 65 points in [-12.000000,+12.000000] mm
max_fitting_error_normal            0.072/6905.410 G/G
max_fitting_error_skew              379.490/379.490 G/G
r0_for_relative_multipoles          12 mm
main_monomial                       n = 0, skew:False
                                       Nn(s=0)      Integ_Nn     Nn/N0(@r0)   |    Sn(s=0)      Integ_Sn     Sn/S0(@r0)  
<multipole_order n>                    [T/m^n]      [T.m/m^n]        []       |    [T/m^n]      [T.m/m^n]        []      
n=00:                                5.9286e-01    -3.7427e-01   +1.0000e+00  |      ---           ---           ---     
n=01:                                8.1221e+00    +5.0194e+00   -1.6093e-01  |      ---           ---           ---     
n=02:                                6.5462e-01    +1.1737e+00   -4.5157e-04  |      ---           ---           ---     
n=03:                                3.0997e+01    -3.0136e+01   +1.3914e-04  |      ---           ---           ---     
n=04:                                1.0364e+04    +1.7650e+03   -9.7787e-05  |      ---           ---           ---     
n=05:                                3.0008e+05    -8.8155e+03   +5.8609e-06  |      ---           ---           ---     
n=06:                                4.0864e+07    -8.5069e+06   +6.7868e-05  |      ---           ---           ---     
