--- multipoles on reference trajectory (rz > 0) ---
effective_length:                   629.678360291 mm
perpendicular_grid:                 65 points in [-12.000000,+12.000000] mm
max_fitting_error_normal            0.078/6933.222 G/G
max_fitting_error_skew              365.780/365.780 G/G
r0_for_relative_multipoles          17.5 mm
main_monomial                       n = 0, skew:False
                                       Nn(s=0)      Integ_Nn     Nn/N0(@r0)   |    Sn(s=0)      Integ_Sn     Sn/S0(@r0)  
<multipole_order n>                    [T/m^n]      [T.m/m^n]        []       |    [T/m^n]      [T.m/m^n]        []      
n=00:                                5.9507e-01    -3.7470e-01   +1.0000e+00  |      ---           ---           ---     
n=01:                                8.1212e+00    +5.0092e+00   -2.3395e-01  |      ---           ---           ---     
n=02:                                4.1678e-01    +1.0228e+00   -8.3597e-04  |      ---           ---           ---     
n=03:                                6.2678e+01    -4.5730e+01   +6.5408e-04  |      ---           ---           ---     
n=04:                                1.9660e+03    -4.3545e+02   +1.0900e-04  |      ---           ---           ---     
n=05:                                8.3889e+04    -9.8157e+03   +4.2996e-05  |      ---           ---           ---     
n=06:                                1.0462e+07    +4.0087e+05   -3.0729e-05  |      ---           ---           ---     
