--- multipoles on reference trajectory (rz > 0) ---
effective_length:                   631.1864315260042 mm
perpendicular_grid:                 65 points in [-12.000000,+12.000000] mm
max_fitting_error_normal            0.168/6953.695 G/G
max_fitting_error_skew              368.230/368.230 G/G
r0_for_relative_multipoles          17.5 mm
main_monomial                       n = 0, skew:False
                                       Nn(s=0)      Integ_Nn     Nn/N0(@r0)   |    Sn(s=0)      Integ_Sn     Sn/S0(@r0)  
<multipole_order n>                    [T/m^n]      [T.m/m^n]        []       |    [T/m^n]      [T.m/m^n]        []      
n=00:                                5.9437e-01    -3.7516e-01   +1.0000e+00  |      ---           ---           ---     
n=01:                                8.1129e+00    +5.0123e+00   -2.3381e-01  |      ---           ---           ---     
n=02:                                9.2567e-01    +1.0160e+00   -8.2936e-04  |      ---           ---           ---     
n=03:                                5.3278e+01    -5.4161e+01   +7.7372e-04  |      ---           ---           ---     
n=04:                                1.3171e+04    +3.1403e+03   -7.8506e-04  |      ---           ---           ---     
n=05:                                1.4158e+05    +8.0376e+04   -3.5164e-04  |      ---           ---           ---     
n=06:                                6.5189e+07    -1.8130e+07   +1.3881e-03  |      ---           ---           ---     
