--- multipoles on reference trajectory (rz > 0) ---
effective_length:                   631.5283917161764 mm
perpendicular_grid:                 65 points in [-12.000000,+12.000000] mm
max_fitting_error_normal            0.052/6627.162 G/G
max_fitting_error_skew              347.548/347.548 G/G
r0_for_relative_multipoles          12 mm
main_monomial                       n = 0, skew:False
                                       Nn(s=0)      Integ_Nn     Nn/N0(@r0)   |    Sn(s=0)      Integ_Sn     Sn/S0(@r0)  
<multipole_order n>                    [T/m^n]      [T.m/m^n]        []       |    [T/m^n]      [T.m/m^n]        []      
n=00:                                5.6685e-01    -3.5798e-01   +1.0000e+00  |      ---           ---           ---     
n=01:                                7.7318e+00    +4.7850e+00   -1.6040e-01  |      ---           ---           ---     
n=02:                                4.3484e-01    +8.8250e-01   -3.5499e-04  |      ---           ---           ---     
n=03:                                4.0701e+01    -3.5668e+01   +1.7217e-04  |      ---           ---           ---     
n=04:                                1.5994e+03    +3.6032e+02   -2.0871e-05  |      ---           ---           ---     
n=05:                                1.4045e+03    -1.8817e+04   +1.3080e-05  |      ---           ---           ---     
n=06:                                1.2357e+07    -4.7348e+06   +3.9494e-05  |      ---           ---           ---     
