--- multipoles on reference trajectory (rz > 0) ---
effective_length:                   630.6880374441787 mm
perpendicular_grid:                 65 points in [-12.000000,+12.000000] mm
max_fitting_error_normal            0.079/4504.652 G/G
max_fitting_error_skew              330.196/330.196 G/G
r0_for_relative_multipoles          12 mm
main_monomial                       n = 0, skew:False
                                       Nn(s=0)      Integ_Nn     Nn/N0(@r0)   |    Sn(s=0)      Integ_Sn     Sn/S0(@r0)  
<multipole_order n>                    [T/m^n]      [T.m/m^n]        []       |    [T/m^n]      [T.m/m^n]        []      
n=00:                                5.3659e-01    -3.3842e-01   +1.0000e+00  |      ---           ---           ---     
n=01:                                7.3450e+00    +4.5408e+00   -1.6101e-01  |      ---           ---           ---     
n=02:                                7.6750e-01    +7.2931e-01   -3.1032e-04  |      ---           ---           ---     
n=03:                                6.5856e+01    -3.4197e+01   +1.7461e-04  |      ---           ---           ---     
n=04:                                4.2261e+03    +2.0993e+03   -1.2863e-04  |      ---           ---           ---     
n=05:                                5.2164e+05    -1.5695e+04   +1.1540e-05  |      ---           ---           ---     
n=06:                                1.5842e+07    -1.1095e+07   +9.7893e-05  |      ---           ---           ---     
