--- multipoles on reference trajectory (rz > 0) ---
effective_length:                   632.4877965768617 mm
perpendicular_grid:                 65 points in [-12.000000,+12.000000] mm
max_fitting_error_normal            0.090/4486.384 G/G
max_fitting_error_skew              342.304/342.304 G/G
r0_for_relative_multipoles          12 mm
main_monomial                       n = 0, skew:False
                                       Nn(s=0)      Integ_Nn     Nn/N0(@r0)   |    Sn(s=0)      Integ_Sn     Sn/S0(@r0)  
<multipole_order n>                    [T/m^n]      [T.m/m^n]        []       |    [T/m^n]      [T.m/m^n]        []      
n=00:                                5.3656e-01    -3.3937e-01   +1.0000e+00  |      ---           ---           ---     
n=01:                                7.3479e+00    +4.5510e+00   -1.6092e-01  |      ---           ---           ---     
n=02:                                7.9714e-01    +8.1335e-01   -3.4512e-04  |      ---           ---           ---     
n=03:                                1.2784e+01    -3.2606e+01   +1.6602e-04  |      ---           ---           ---     
n=04:                                6.1640e+03    +1.6780e+03   -1.0253e-04  |      ---           ---           ---     
n=05:                                2.1120e+05    -4.0889e+04   +2.9981e-05  |      ---           ---           ---     
n=06:                                3.9753e+07    -1.1818e+07   +1.0398e-04  |      ---           ---           ---     
