--- multipoles on reference trajectory (rz > 0) ---
effective_length:                   632.4327443648737 mm
perpendicular_grid:                 65 points in [-12.000000,+12.000000] mm
max_fitting_error_normal            0.113/5574.603 G/G
max_fitting_error_skew              356.190/356.190 G/G
r0_for_relative_multipoles          17.5 mm
main_monomial                       n = 0, skew:False
                                       Nn(s=0)      Integ_Nn     Nn/N0(@r0)   |    Sn(s=0)      Integ_Sn     Sn/S0(@r0)  
<multipole_order n>                    [T/m^n]      [T.m/m^n]        []       |    [T/m^n]      [T.m/m^n]        []      
n=00:                                5.6620e-01    -3.5808e-01   +1.0000e+00  |      ---           ---           ---     
n=01:                                7.7330e+00    +4.7847e+00   -2.3384e-01  |      ---           ---           ---     
n=02:                                3.1423e-01    +8.5832e-01   -7.3407e-04  |      ---           ---           ---     
n=03:                                1.5991e+01    -2.9567e+01   +4.4253e-04  |      ---           ---           ---     
n=04:                                1.8477e+03    +2.7224e+03   -7.1304e-04  |      ---           ---           ---     
n=05:                                2.4445e+05    -3.6306e+04   +1.6641e-04  |      ---           ---           ---     
n=06:                                1.6734e+07    -1.4048e+07   +1.1269e-03  |      ---           ---           ---     
