--- multipoles on reference trajectory (rz > 0) ---
effective_length:                   632.2006929115473 mm
perpendicular_grid:                 65 points in [-12.000000,+12.000000] mm
max_fitting_error_normal            0.078/5769.331 G/G
max_fitting_error_skew              374.182/374.182 G/G
r0_for_relative_multipoles          17.5 mm
main_monomial                       n = 0, skew:False
                                       Nn(s=0)      Integ_Nn     Nn/N0(@r0)   |    Sn(s=0)      Integ_Sn     Sn/S0(@r0)  
<multipole_order n>                    [T/m^n]      [T.m/m^n]        []       |    [T/m^n]      [T.m/m^n]        []      
n=00:                                5.9428e-01    -3.7571e-01   +1.0000e+00  |      ---           ---           ---     
n=01:                                8.1063e+00    +5.0143e+00   -2.3356e-01  |      ---           ---           ---     
n=02:                                9.6203e-02    +9.0830e-01   -7.4038e-04  |      ---           ---           ---     
n=03:                                6.3575e+01    -1.7076e+01   +2.4358e-04  |      ---           ---           ---     
n=04:                                4.1422e+02    +2.1926e+03   -5.4734e-04  |      ---           ---           ---     
n=05:                                4.3602e+05    -7.4892e+04   +3.2717e-04  |      ---           ---           ---     
n=06:                                1.2040e+07    -1.0047e+07   +7.6807e-04  |      ---           ---           ---     
