--- multipoles on reference trajectory (rz > 0) ---
effective_length:                   631.3370838291422 mm
perpendicular_grid:                 65 points in [-12.000000,+12.000000] mm
max_fitting_error_normal            0.065/5541.902 G/G
max_fitting_error_skew              328.933/328.933 G/G
r0_for_relative_multipoles          12 mm
main_monomial                       n = 0, skew:False
                                       Nn(s=0)      Integ_Nn     Nn/N0(@r0)   |    Sn(s=0)      Integ_Sn     Sn/S0(@r0)  
<multipole_order n>                    [T/m^n]      [T.m/m^n]        []       |    [T/m^n]      [T.m/m^n]        []      
n=00:                                5.3659e-01    -3.3877e-01   +1.0000e+00  |      ---           ---           ---     
n=01:                                7.3519e+00    +4.5437e+00   -1.6095e-01  |      ---           ---           ---     
n=02:                                9.2443e-02    +1.0177e+00   -4.3260e-04  |      ---           ---           ---     
n=03:                                4.1993e+01    -3.4182e+01   +1.7436e-04  |      ---           ---           ---     
n=04:                                1.7399e+03    -3.2994e+01   +2.0196e-06  |      ---           ---           ---     
n=05:                                7.1133e+03    -1.5552e+04   +1.1423e-05  |      ---           ---           ---     
n=06:                                2.0315e+07    -4.9300e+06   +4.3454e-05  |      ---           ---           ---     
