--- multipoles on reference trajectory (rz > 0) ---
effective_length:                   631.3471726426826 mm
perpendicular_grid:                 65 points in [-12.000000,+12.000000] mm
max_fitting_error_normal            0.101/6939.740 G/G
max_fitting_error_skew              377.884/377.884 G/G
r0_for_relative_multipoles          12 mm
main_monomial                       n = 0, skew:False
                                       Nn(s=0)      Integ_Nn     Nn/N0(@r0)   |    Sn(s=0)      Integ_Sn     Sn/S0(@r0)  
<multipole_order n>                    [T/m^n]      [T.m/m^n]        []       |    [T/m^n]      [T.m/m^n]        []      
n=00:                                5.9275e-01    -3.7423e-01   +1.0000e+00  |      ---           ---           ---     
n=01:                                8.1224e+00    +5.0211e+00   -1.6100e-01  |      ---           ---           ---     
n=02:                                1.9365e-01    +1.2614e+00   -4.8536e-04  |      ---           ---           ---     
n=03:                                1.0085e+01    -2.9393e+01   +1.3572e-04  |      ---           ---           ---     
n=04:                                1.8241e+03    -6.5070e+02   +3.6055e-05  |      ---           ---           ---     
n=05:                                1.0795e+05    -4.0540e+04   +2.6956e-05  |      ---           ---           ---     
n=06:                                1.1572e+07    +4.9411e+05   -3.9425e-06  |      ---           ---           ---     
