--- multipoles on reference trajectory (rz > 0) ---
effective_length:                   632.2817739566575 mm
perpendicular_grid:                 65 points in [-12.000000,+12.000000] mm
max_fitting_error_normal            0.066/6575.767 G/G
max_fitting_error_skew              351.260/351.260 G/G
r0_for_relative_multipoles          12 mm
main_monomial                       n = 0, skew:False
                                       Nn(s=0)      Integ_Nn     Nn/N0(@r0)   |    Sn(s=0)      Integ_Sn     Sn/S0(@r0)  
<multipole_order n>                    [T/m^n]      [T.m/m^n]        []       |    [T/m^n]      [T.m/m^n]        []      
n=00:                                5.6447e-01    -3.5690e-01   +1.0000e+00  |      ---           ---           ---     
n=01:                                7.7313e+00    +4.7841e+00   -1.6085e-01  |      ---           ---           ---     
n=02:                                7.4037e-01    +8.6291e-01   -3.4816e-04  |      ---           ---           ---     
n=03:                                4.2096e+00    -3.3430e+01   +1.6186e-04  |      ---           ---           ---     
n=04:                                2.7238e+02    +3.0679e+01   -1.7825e-06  |      ---           ---           ---     
n=05:                                1.9729e+05    -5.2581e+04   +3.6660e-05  |      ---           ---           ---     
n=06:                                7.5705e+06    +1.0248e+06   -8.5742e-06  |      ---           ---           ---     
