--- multipoles on reference trajectory (rz > 0) ---
effective_length:                   631.1917091531528 mm
perpendicular_grid:                 65 points in [-12.000000,+12.000000] mm
max_fitting_error_normal            0.062/6255.343 G/G
max_fitting_error_skew              328.309/328.309 G/G
r0_for_relative_multipoles          12 mm
main_monomial                       n = 0, skew:False
                                       Nn(s=0)      Integ_Nn     Nn/N0(@r0)   |    Sn(s=0)      Integ_Sn     Sn/S0(@r0)  
<multipole_order n>                    [T/m^n]      [T.m/m^n]        []       |    [T/m^n]      [T.m/m^n]        []      
n=00:                                5.3701e-01    -3.3896e-01   +1.0000e+00  |      ---           ---           ---     
n=01:                                7.3565e+00    +4.5507e+00   -1.6111e-01  |      ---           ---           ---     
n=02:                                3.4012e-01    +9.6777e-01   -4.1114e-04  |      ---           ---           ---     
n=03:                                2.2879e+01    -1.8207e+01   +9.2819e-05  |      ---           ---           ---     
n=04:                                1.1052e+03    -1.8195e+03   +1.1131e-04  |      ---           ---           ---     
n=05:                                2.6328e+05    -5.6568e+04   +4.1527e-05  |      ---           ---           ---     
n=06:                                9.4825e+06    +4.5118e+06   -3.9746e-05  |      ---           ---           ---     
