--- multipoles on reference trajectory (rz > 0) ---
effective_length:                   630.6308424764326 mm
perpendicular_grid:                 65 points in [-12.000000,+12.000000] mm
max_fitting_error_normal            0.078/4989.845 G/G
max_fitting_error_skew              365.542/365.542 G/G
r0_for_relative_multipoles          12 mm
main_monomial                       n = 0, skew:False
                                       Nn(s=0)      Integ_Nn     Nn/N0(@r0)   |    Sn(s=0)      Integ_Sn     Sn/S0(@r0)  
<multipole_order n>                    [T/m^n]      [T.m/m^n]        []       |    [T/m^n]      [T.m/m^n]        []      
n=00:                                5.9359e-01    -3.7434e-01   +1.0000e+00  |      ---           ---           ---     
n=01:                                8.1264e+00    +5.0210e+00   -1.6096e-01  |      ---           ---           ---     
n=02:                                1.0069e-01    +1.1949e+00   -4.5966e-04  |      ---           ---           ---     
n=03:                                8.0225e+00    -3.0316e+01   +1.3994e-04  |      ---           ---           ---     
n=04:                                8.9516e+02    +9.1568e+02   -5.0723e-05  |      ---           ---           ---     
n=05:                                9.0134e+04    -3.4585e+04   +2.2990e-05  |      ---           ---           ---     
n=06:                                6.6371e+06    -7.7802e+06   +6.2061e-05  |      ---           ---           ---     
