--- multipoles on reference trajectory (rz > 0) ---
effective_length:                   631.5046410788324 mm
perpendicular_grid:                 65 points in [-12.000000,+12.000000] mm
max_fitting_error_normal            0.083/4743.356 G/G
max_fitting_error_skew              349.474/349.474 G/G
r0_for_relative_multipoles          17.5 mm
main_monomial                       n = 0, skew:False
                                       Nn(s=0)      Integ_Nn     Nn/N0(@r0)   |    Sn(s=0)      Integ_Sn     Sn/S0(@r0)  
<multipole_order n>                    [T/m^n]      [T.m/m^n]        []       |    [T/m^n]      [T.m/m^n]        []      
n=00:                                5.6628e-01    -3.5761e-01   +1.0000e+00  |      ---           ---           ---     
n=01:                                7.7265e+00    +4.7759e+00   -2.3372e-01  |      ---           ---           ---     
n=02:                                1.6188e-02    +8.7473e-01   -7.4911e-04  |      ---           ---           ---     
n=03:                                1.9045e+01    -1.9064e+01   +2.8570e-04  |      ---           ---           ---     
n=04:                                2.3958e+03    +2.0604e+03   -5.4039e-04  |      ---           ---           ---     
n=05:                                3.1469e+05    -1.2173e+05   +5.5871e-04  |      ---           ---           ---     
n=06:                                2.8566e+06    -1.2368e+07   +9.9340e-04  |      ---           ---           ---     
