--- multipoles on reference trajectory (rz > 0) ---
effective_length:                   631.2082760217398 mm
perpendicular_grid:                 65 points in [-12.000000,+12.000000] mm
max_fitting_error_normal            0.128/4484.821 G/G
max_fitting_error_skew              334.318/334.318 G/G
r0_for_relative_multipoles          12 mm
main_monomial                       n = 0, skew:False
                                       Nn(s=0)      Integ_Nn     Nn/N0(@r0)   |    Sn(s=0)      Integ_Sn     Sn/S0(@r0)  
<multipole_order n>                    [T/m^n]      [T.m/m^n]        []       |    [T/m^n]      [T.m/m^n]        []      
n=00:                                5.3640e-01    -3.3858e-01   +1.0000e+00  |      ---           ---           ---     
n=01:                                7.3540e+00    +4.5420e+00   -1.6098e-01  |      ---           ---           ---     
n=02:                                9.0315e-01    +8.2318e-01   -3.5011e-04  |      ---           ---           ---     
n=03:                                2.1457e+01    -1.7489e+01   +8.9260e-05  |      ---           ---           ---     
n=04:                                1.6301e+04    +3.3465e+03   -2.0495e-04  |      ---           ---           ---     
n=05:                                2.8015e+05    -7.6118e+04   +5.5942e-05  |      ---           ---           ---     
n=06:                                8.1606e+07    -1.6813e+07   +1.4828e-04  |      ---           ---           ---     
