--- multipoles on reference trajectory (rz > 0) ---
effective_length:                   630.7227824381796 mm
perpendicular_grid:                 65 points in [-12.000000,+12.000000] mm
max_fitting_error_normal            0.110/6154.107 G/G
max_fitting_error_skew              367.401/367.401 G/G
r0_for_relative_multipoles          12 mm
main_monomial                       n = 0, skew:False
                                       Nn(s=0)      Integ_Nn     Nn/N0(@r0)   |    Sn(s=0)      Integ_Sn     Sn/S0(@r0)  
<multipole_order n>                    [T/m^n]      [T.m/m^n]        []       |    [T/m^n]      [T.m/m^n]        []      
n=00:                                5.9322e-01    -3.7416e-01   +1.0000e+00  |      ---           ---           ---     
n=01:                                8.1273e+00    +5.0179e+00   -1.6094e-01  |      ---           ---           ---     
n=02:                                9.7726e-02    +1.2648e+00   -4.8680e-04  |      ---           ---           ---     
n=03:                                7.8629e+01    -2.9635e+01   +1.3687e-04  |      ---           ---           ---     
n=04:                                2.6644e+03    -1.4374e+03   +7.9659e-05  |      ---           ---           ---     
n=05:                                1.9653e+05    -3.0084e+04   +2.0007e-05  |      ---           ---           ---     
n=06:                                2.5171e+07    +9.2815e+05   -7.4072e-06  |      ---           ---           ---     
