--- multipoles on reference trajectory (rz > 0) ---
effective_length:                   630.6423008788026 mm
perpendicular_grid:                 65 points in [-12.000000,+12.000000] mm
max_fitting_error_normal            0.075/6614.466 G/G
max_fitting_error_skew              359.505/359.505 G/G
r0_for_relative_multipoles          12 mm
main_monomial                       n = 0, skew:False
                                       Nn(s=0)      Integ_Nn     Nn/N0(@r0)   |    Sn(s=0)      Integ_Sn     Sn/S0(@r0)  
<multipole_order n>                    [T/m^n]      [T.m/m^n]        []       |    [T/m^n]      [T.m/m^n]        []      
n=00:                                5.6466e-01    -3.5610e-01   +1.0000e+00  |      ---           ---           ---     
n=01:                                7.7333e+00    +4.7739e+00   -1.6088e-01  |      ---           ---           ---     
n=02:                                6.7914e-01    +9.4054e-01   -3.8034e-04  |      ---           ---           ---     
n=03:                                6.8191e+01    -4.9282e+01   +2.3915e-04  |      ---           ---           ---     
n=04:                                1.3953e+03    -1.6313e+03   +9.4995e-05  |      ---           ---           ---     
n=05:                                7.9421e+04    +7.0315e+03   -4.9135e-06  |      ---           ---           ---     
n=06:                                1.7030e+07    +1.4826e+06   -1.2432e-05  |      ---           ---           ---     
