--- multipoles on reference trajectory (rz > 0) ---
effective_length:                   631.6898537180178 mm
perpendicular_grid:                 65 points in [-12.000000,+12.000000] mm
max_fitting_error_normal            0.060/6263.032 G/G
max_fitting_error_skew              342.826/342.826 G/G
r0_for_relative_multipoles          12 mm
main_monomial                       n = 0, skew:False
                                       Nn(s=0)      Integ_Nn     Nn/N0(@r0)   |    Sn(s=0)      Integ_Sn     Sn/S0(@r0)  
<multipole_order n>                    [T/m^n]      [T.m/m^n]        []       |    [T/m^n]      [T.m/m^n]        []      
n=00:                                5.3687e-01    -3.3913e-01   +1.0000e+00  |      ---           ---           ---     
n=01:                                7.3585e+00    +4.5520e+00   -1.6107e-01  |      ---           ---           ---     
n=02:                                3.0101e-01    +9.6533e-01   -4.0989e-04  |      ---           ---           ---     
n=03:                                1.7414e+00    -2.7351e+01   +1.3936e-04  |      ---           ---           ---     
n=04:                                2.4027e+03    +1.4402e+03   -8.8060e-05  |      ---           ---           ---     
n=05:                                1.1654e+05    -3.6568e+04   +2.6831e-05  |      ---           ---           ---     
n=06:                                1.1845e+07    -6.9446e+06   +6.1145e-05  |      ---           ---           ---     
