--- multipoles on reference trajectory (rz > 0) ---
effective_length:                   631.5292361085052 mm
perpendicular_grid:                 65 points in [-12.000000,+12.000000] mm
max_fitting_error_normal            0.070/6274.173 G/G
max_fitting_error_skew              346.265/346.265 G/G
r0_for_relative_multipoles          12 mm
main_monomial                       n = 0, skew:False
                                       Nn(s=0)      Integ_Nn     Nn/N0(@r0)   |    Sn(s=0)      Integ_Sn     Sn/S0(@r0)  
<multipole_order n>                    [T/m^n]      [T.m/m^n]        []       |    [T/m^n]      [T.m/m^n]        []      
n=00:                                5.3813e-01    -3.3984e-01   +1.0000e+00  |      ---           ---           ---     
n=01:                                7.3406e+00    +4.5400e+00   -1.6031e-01  |      ---           ---           ---     
n=02:                                9.1048e-01    +6.6300e-01   -2.8093e-04  |      ---           ---           ---     
n=03:                                3.0799e+01    -3.3899e+01   +1.7236e-04  |      ---           ---           ---     
n=04:                                5.6774e+03    +1.0173e+03   -6.2071e-05  |      ---           ---           ---     
n=05:                                3.1630e+05    -2.2328e+04   +1.6349e-05  |      ---           ---           ---     
n=06:                                2.5130e+07    -5.1475e+06   +4.5227e-05  |      ---           ---           ---     
