--- multipoles on reference trajectory (rz > 0) ---
effective_length:                   630.8967571261167 mm
perpendicular_grid:                 65 points in [-12.000000,+12.000000] mm
max_fitting_error_normal            0.069/5264.207 G/G
max_fitting_error_skew              331.166/331.166 G/G
r0_for_relative_multipoles          12 mm
main_monomial                       n = 0, skew:False
                                       Nn(s=0)      Integ_Nn     Nn/N0(@r0)   |    Sn(s=0)      Integ_Sn     Sn/S0(@r0)  
<multipole_order n>                    [T/m^n]      [T.m/m^n]        []       |    [T/m^n]      [T.m/m^n]        []      
n=00:                                5.3928e-01    -3.4023e-01   +1.0000e+00  |      ---           ---           ---     
n=01:                                7.3642e+00    +4.5550e+00   -1.6065e-01  |      ---           ---           ---     
n=02:                                9.3505e-02    +9.7678e-01   -4.1341e-04  |      ---           ---           ---     
n=03:                                1.0543e+01    -3.3206e+01   +1.6865e-04  |      ---           ---           ---     
n=04:                                4.1468e+03    -3.9817e+02   +2.4267e-05  |      ---           ---           ---     
n=05:                                1.0964e+05    -4.6751e+02   +3.4192e-07  |      ---           ---           ---     
n=06:                                1.7486e+07    -1.5733e+05   +1.3808e-06  |      ---           ---           ---     
