--- multipoles on reference trajectory (rz > 0) ---
effective_length:                   632.3619623826331 mm
perpendicular_grid:                 65 points in [-12.000000,+12.000000] mm
max_fitting_error_normal            0.090/5768.783 G/G
max_fitting_error_skew              382.029/382.029 G/G
r0_for_relative_multipoles          17.5 mm
main_monomial                       n = 0, skew:False
                                       Nn(s=0)      Integ_Nn     Nn/N0(@r0)   |    Sn(s=0)      Integ_Sn     Sn/S0(@r0)  
<multipole_order n>                    [T/m^n]      [T.m/m^n]        []       |    [T/m^n]      [T.m/m^n]        []      
n=00:                                5.9465e-01    -3.7603e-01   +1.0000e+00  |      ---           ---           ---     
n=01:                                8.1211e+00    +5.0249e+00   -2.3385e-01  |      ---           ---           ---     
n=02:                                2.2090e-01    +1.2451e+00   -1.0140e-03  |      ---           ---           ---     
n=03:                                1.4060e+01    -1.8197e+01   +2.5935e-04  |      ---           ---           ---     
n=04:                                2.2775e+03    +3.9648e+02   -9.8889e-05  |      ---           ---           ---     
n=05:                                1.8882e+05    -7.8395e+04   +3.4218e-04  |      ---           ---           ---     
n=06:                                1.7179e+06    -4.4887e+06   +3.4287e-04  |      ---           ---           ---     
